990.6129 -1094.9869
990.1325 -1096.0865
983.68695 -1110.8397
983.21454 -1111.921
982.73413 -1113.0206
975.89624 -1128.6719
975.40784 -1129.7898
974.9274 -1130.8894
969.65094 -1142.9668
969.17053 -1144.0664
961.9403 -1160.6157
961.4599 -1161.7153
959.4178 -1178.8862
961.6647 -1187.0219
952.0489 -1200.7433
950.8027 -1201.336
936.06036 -1201.6938
934.68274 -1201.6129
917.133 -1200.5824
915.8552 -1200.5073
903.4861 -1194.5282
902.4941 -1193.853
886.4066 -1182.9039
885.38153 -1182.2062
884.40607 -1181.5422
874.75037 -1174.9705
873.7418 -1174.284
861.6392 -1166.0469
860.548 -1165.3042
848.5652 -1164.4485
847.60034 -1165.3197
842.0581 -1178.3009
842.9077 -1179.3883
860.01416 -1193.1671
860.4262 -1194.4
869.11865 -1207.6611
870.2019 -1208.2645
883.0009 -1217.9532
883.92896 -1219.0015
896.4529 -1227.6896
897.74097 -1228.059
898.95215 -1228.4062
913.8199 -1232.418
915.13464 -1232.3002
916.3697 -1232.1895
929.8756 -1230.9792
946.46906 -1229.4927
947.66425 -1229.3856
963.1023 -1228.0022
964.31744 -1227.8933
977.7834 -1226.6868
979.01843 -1226.576
992.78326 -1225.3425
994.0382 -1225.2301
1011.36865 -1223.677
1012.6037 -1223.5663
1029.9541 -1222.0115
1031.2091 -1221.899
1041.0215 -1215.1405
1041.9135 -1214.2792
1057.3461 -1204.8423
1058.4943 -1204.3234
1073.0017 -1197.7673
1074.1499 -1197.2484
1084.4078 -1185.3258
1085.108 -1184.376
1093.3843 -1168.5391
1093.3341 -1167.3
1092.4886 -1146.4373
1092.4376 -1145.1783
1086.0679 -1133.809
1085.2433 -1132.8828
1079.2887 -1117.0366
1079.03 -1115.8444
1076.1592 -1102.6123
1075.8962 -1101.4005
1071.4392 -1080.8586
1071.1763 -1079.6469
1070.9176 -1078.4546
1066.7195 -1059.105
1066.4565 -1057.8932
1063.0598 -1042.2375
1062.8011 -1041.0453
1053.7146 -1020.1314
