973.17834 -1184.6918
972.9001 -1184.8499
972.5871 -1185.0277
972.30884 -1185.1858
972.0238 -1185.3313
971.714 -1185.4713
940.0558 -1193.1978
939.6996 -1193.2499
939.38293 -1193.2961
939.0663 -1193.3424
938.72986 -1193.3916
904.1683 -1192.4816
903.82166 -1192.3843
903.53284 -1192.3032
903.2055 -1192.2113
902.8782 -1192.1194
902.57007 -1192.033
902.24274 -1191.941
901.9154 -1191.8491
882.7637 -1182.8583
882.44617 -1182.7367
882.12866 -1182.6151
881.82983 -1182.5006
881.5123 -1182.379
881.1948 -1182.2574
864.06635 -1172.7212
863.7765 -1172.5435
863.4965 -1172.3885
863.1915 -1172.2383
862.87976 -1172.1025
853.78784 -1175.4937
853.64136 -1175.8005
853.51654 -1176.0952
853.3989 -1176.4142
853.2966 -1176.7384
853.214 -1177.0476
860.176 -1192.8516
860.3485 -1193.1445
860.5108 -1193.4203
860.6833 -1193.7133
860.8456 -1193.989
861.01807 -1194.282
861.19055 -1194.575
867.6689 -1205.0306
867.8928 -1205.2865
868.11676 -1205.5424
868.3275 -1205.7831
868.55145 -1206.039
868.7754 -1206.2948
882.86005 -1218.1918
883.1711 -1218.373
883.43024 -1218.5242
883.724 -1218.6954
884.03503 -1218.8767
884.2942 -1219.0278
895.4137 -1228.0388
895.71686 -1228.233
895.976 -1228.3842
896.2775 -1228.5413
896.5862 -1228.6838
914.5128 -1231.8696
914.86743 -1231.8076
915.1826 -1231.7524
915.4978 -1231.6973
915.8327 -1231.6387
916.1676 -1231.5801
916.4828 -1231.5249
933.72974 -1230.6862
934.0383 -1230.6014
934.3662 -1230.5114
934.6941 -1230.4213
935.0027 -1230.3365
935.33057 -1230.2465
935.65845 -1230.1564
952.09314 -1228.1057
952.4529 -1228.0927
952.7527 -1228.0818
953.09247 -1228.0695
953.43225 -1228.0571
953.752 -1228.0455
954.0918 -1228.0332
954.4316 -1228.0209
966.1552 -1226.3717
966.4934 -1226.4067
966.8117 -1226.4397
967.1499 -1226.4747
967.4682 -1226.5077
967.8064 -1226.5427
968.1446 -1226.5778
986.9941 -1226.2025
987.33405 -1226.2063
987.65405 -1226.2098
987.994 -1226.2136
988.314 -1226.2172
988.654 -1226.221
1006.0098 -1225.9896
1006.3074 -1225.9512
1006.62476 -1225.9102
1006.962 -1225.8666
1007.2992 -1225.823
1007.6166 -1225.782
1007.9538 -1225.7384
1025.2809 -1220.5044
1025.6046 -1220.347
1025.8925 -1220.2072
1026.1803 -1220.0673
1026.5116 -1219.9264
1026.8114 -1219.8145
1047.843 -1214.7615
1048.1555 -1214.6276
1048.4496 -1214.5015
1048.7621 -1214.3676
1062.2947 -1206.7705
1062.5515 -1206.5183
1062.7941 -1206.28
1063.008 -1206.0698
1063.2506 -1205.8315
1063.4932 -1205.5933
1077.047 -1193.3198
1077.3364 -1193.1058
1077.5938 -1192.9155
1077.8511 -1192.7252
1078.1245 -1192.5231
1078.398 -1192.3209
1078.6553 -1192.1306
1078.9287 -1191.9285
1090.1412 -1172.3783
1090.2677 -1172.0627
1090.3867 -1171.7657
1090.5132 -1171.4502
1090.6396 -1171.1346
1090.7587 -1170.8376
1090.8851 -1170.5221
1091.0116 -1170.2065
1094.1588 -1154.3247
1094.1934 -1153.9865
1094.2279 -1153.6482
1094.2605 -1153.3298
1094.2971 -1152.9717
1094.3297 -1152.6533
1094.3643 -1152.3151
1094.3969 -1151.9967
1094.4314 -1151.6584
1092.8683 -1141.0099
1092.7543 -1140.7109
1092.633 -1140.3933
1092.4977 -1140.0382
1092.3978 -1139.7766
1092.2695 -1139.4403
1092.1555 -1139.1414
1092.0415 -1138.8424
1084.8964 -1124.5818
1084.7377 -1124.2587
1084.5966 -1123.9714
1084.4554 -1123.6842
1078.2908 -1107.127
1078.1973 -1106.8419
1078.0913 -1106.5188
1077.9854 -1106.1957
1077.8856 -1105.8916
1074.5599 -1086.9337
1074.4694 -1086.606
1074.3842 -1086.2975
1074.2936 -1085.9697
1074.203 -1085.642
1074.1178 -1085.3335
1074.0272 -1085.0057
1068.0079 -1067.7897
1067.9321 -1067.4583
1067.8608 -1067.1464
1067.7806 -1066.7954
1067.7137 -1066.5029
1067.638 -1066.1715
1066.326 -1049.4027
1066.4845 -1049.1246
1066.6528 -1048.8292
1066.8212 -1048.5338
1066.9796 -1048.2557
1091.6678 -1048.0822
1091.854 -1048.3667
1092.0171 -1048.642
1092.1763 -1048.9424
1092.3354 -1049.2428
1092.4852 -1049.5255
1092.6444 -1049.8259
1092.7942 -1050.1086
1092.9534 -1050.409
1100.5084 -1062.8899
1100.6532 -1063.1975
1100.798 -1063.5051
1100.9342 -1063.7947
1101.079 -1064.1023
1101.2238 -1064.4099
1101.36 -1064.6995
1106.713 -1077.9672
1106.8713 -1078.2681
1107.0204 -1078.5513
1107.1787 -1078.8522
1107.337 -1079.1531
1107.4861 -1079.4363
1107.6444 -1079.7372
1117.3793 -1099.4332
1117.4943 -1099.7532
1117.6024 -1100.0543
1117.7174 -1100.3743
1117.8324 -1100.6942
1117.9406 -1100.9954
1118.0555 -1101.3153
1118.1705 -1101.6353
1126.1865 -1114.8109
1126.4098 -1115.0674
1126.6199 -1115.3087
1126.8431 -1115.5652
1127.0656 -1115.8483
1127.2408 -1116.0917
1127.4263 -1116.3767
1134.7069 -1130.5522
1134.9952 -1130.7997
1135.2147 -1130.9736
1135.5077 -1131.1827
1135.7762 -1131.3568
1136.0522 -1131.5188
1136.3534 -1131.6768
1136.6616 -1131.8202
1148.7839 -1139.215
1149.0564 -1139.4502
1149.2986 -1139.6593
1149.5408 -1139.8684
1149.7981 -1140.0906
1150.0554 -1140.3127
1159.7216 -1145.9945
1159.9783 -1146.2174
1160.235 -1146.4403
1160.4767 -1146.65
1160.7637 -1146.8992
1169.9838 -1161.5939
1169.9904 -1161.9539
1169.9958 -1162.2538
1170.0021 -1162.5938
1170.0083 -1162.9337
1170.0142 -1163.2537
1165.5602 -1173.4059
1165.3464 -1173.6703
1165.1453 -1173.9191
1164.9315 -1174.1835
1164.7178 -1174.4479
1164.5166 -1174.6967
1151.4106 -1190.1473
1151.1852 -1190.4532
1151.019 -1190.6786
1150.8173 -1190.9523
1150.6155 -1191.226
1150.4255 -1191.4835
1150.2238 -1191.7572
1150.022 -1192.0309
1144.99 -1203.1855
1144.9952 -1203.5255
1145.0001 -1203.8455
1145.0054 -1204.1854
1145.0112 -1204.5654
1145.0155 -1204.8453
1146.7119 -1213.4635
1146.9344 -1213.7206
1147.169 -1213.9668
1147.3998 -1214.1885
1147.6559 -1214.4121
1147.9224 -1214.6233
1148.1818 -1214.8107
1162.5254 -1210.2605
1162.7999 -1210.0599
1163.0582 -1209.8711
1163.3591 -1209.6736
1163.6343 -1209.5101
1163.9164 -1209.3591
1175.1113 -1202.2368
1175.3812 -1201.9985
1175.6061 -1201.7999
1175.876 -1201.5616
1176.1158 -1201.3499
1176.3557 -1201.1381
1176.6106 -1200.9131
1188.1753 -1189.0509
1188.3824 -1188.7565
1188.5665 -1188.4948
1188.7506 -1188.233
1188.9462 -1187.955
1189.1417 -1187.6769
1189.3258 -1187.4152
1189.5214 -1187.1371
1194.7426 -1177.5021
1194.883 -1177.1924
1195.0153 -1176.901
1195.1558 -1176.5913
1195.2963 -1176.2816
1195.4285 -1175.9902
1195.569 -1175.6805
1201.1892 -1160.0685
1201.2743 -1159.7188
1201.3594 -1159.369
1201.4255 -1159.0969
1201.5106 -1158.7472
1201.5863 -1158.4363
1194.6912 -1137.8441
1194.5261 -1137.5469
1194.3611 -1137.2496
1194.2058 -1136.9698
1194.0408 -1136.6726
1193.8757 -1136.3754
1184.9491 -1113.9705
1184.8485 -1113.6666
1184.7184 -1113.3309
1184.5983 -1113.056
1184.4622 -1112.7445
1184.326 -1112.433
1177.4799 -1105.4402
