1195.9624 -1124.2482
1196.2347 -1124.4163
1196.524 -1124.5948
1196.8134 -1124.7734
1215.7969 -1140.5422
1216.1957 -1140.9064
1216.2843 -1140.9873
1216.5354 -1141.2166
1216.7717 -1141.4324
1217.0228 -1141.6616
1217.2739 -1141.8909
1229.624 -1154.8901
1229.816 -1155.1461
1230.0201 -1155.4181
1230.2242 -1155.6901
1230.4163 -1155.946
1230.6204 -1156.218
1230.8113 -1156.4994
1225.2041 -1187.9951
1225.0582 -1188.2799
1224.889 -1188.5748
1224.706 -1188.8615
1224.522 -1189.1232
1224.3134 -1189.3917
1224.1047 -1189.6603
1223.9084 -1189.913
1211.6625 -1209.2128
1211.522 -1209.5225
1211.3815 -1209.8322
1211.2493 -1210.1235
1211.1088 -1210.4332
1210.9683 -1210.7429
1210.836 -1211.0343
1210.6956 -1211.344
1210.555 -1211.6537
1193.1619 -1235.7185
1193.016 -1236.0033
1192.861 -1236.3059
1192.7059 -1236.6085
1192.56 -1236.8933
1192.405 -1237.1959
1192.25 -1237.4985
1178.0518 -1255.8727
1177.8307 -1256.131
1177.6096 -1256.3893
1177.4015 -1256.6324
1177.1804 -1256.8907
1176.9594 -1257.149
1176.7512 -1257.3922
1176.5302 -1257.6505
1176.3091 -1257.9088
1157.0803 -1274.5691
1156.8254 -1274.7941
1156.5856 -1275.0059
1156.3307 -1275.2308
1156.0758 -1275.4558
1155.8359 -1275.6676
1155.581 -1275.8926
1155.3262 -1276.1176
1155.0863 -1276.3293
1132.6221 -1289.6737
1132.3029 -1289.7909
1132.0024 -1289.9011
1131.6832 -1290.0183
1131.364 -1290.1355
1131.0636 -1290.2457
1130.7444 -1290.3629
1130.4252 -1290.4801
1130.1248 -1290.5903
1112.2816 -1299.3438
1111.9979 -1299.5311
1111.7142 -1299.7185
1111.4473 -1299.8949
1111.1636 -1300.0823
1110.8799 -1300.2697
1110.6129 -1300.446
1110.3292 -1300.6334
1110.0455 -1300.8208
1082.7957 -1318.8213
1082.512 -1319.0087
1082.245 -1319.185
1081.9613 -1319.3724
1081.6776 -1319.5598
1081.4106 -1319.7362
1081.127 -1319.9236
1080.8433 -1320.111
1080.5763 -1320.2874
1080.2926 -1320.4747
1040.0243 -1344.9579
1039.7567 -1345.1334
1039.4725 -1345.32
1039.1884 -1345.5065
1038.9208 -1345.682
1038.6366 -1345.8685
1038.3524 -1346.055
1005.17224 -1365.4966
1004.8476 -1365.5975
1004.54205 -1365.6926
1004.2174 -1365.7936
1003.89276 -1365.8945
1003.5872 -1365.9896
1003.2626 -1366.0906
1002.9379 -1366.1915
1002.6324 -1366.2866
974.61755 -1375.0006
974.2929 -1375.1016
973.98737 -1375.1967
973.6627 -1375.2976
973.3381 -1375.3986
973.03253 -1375.4937
972.7079 -1375.5946
972.38324 -1375.6956
972.0777 -1375.7906
938.97235 -1382.8726
938.6346 -1382.9114
938.2968 -1382.9502
937.9789 -1382.9867
937.6411 -1383.0255
937.30334 -1383.0643
936.9854 -1383.1008
936.64764 -1383.1396
913.4601 -1385.8036
913.14215 -1385.8401
912.8044 -1385.8789
912.4666 -1385.9177
912.1487 -1385.9542
911.8109 -1385.993
911.47314 -1386.0319
911.1552 -1386.0684
910.81744 -1386.1072
910.4797 -1386.146
871.9827 -1380.2573
871.66705 -1380.2048
871.33167 -1380.149
870.9963 -1380.0933
870.6806 -1380.0408
870.3452 -1379.985
870.0098 -1379.9292
869.69415 -1379.8767
869.35876 -1379.8209
869.0234 -1379.7651
836.34796 -1370.9043
836.04755 -1370.7941
835.7284 -1370.6769
835.40924 -1370.5597
835.1088 -1370.4495
834.7897 -1370.3323
834.4705 -1370.2151
834.1701 -1370.1049
833.85095 -1369.9877
833.5318 -1369.8705
798.12164 -1354.9469
797.8564 -1354.7343
797.6067 -1354.534
797.34143 -1354.3214
797.0762 -1354.1088
796.8265 -1353.9086
796.5456 -1353.6833
796.2959 -1353.4832
796.0462 -1353.283
765.2149 -1333.3953
764.94965 -1333.1826
764.6844 -1332.97
764.4347 -1332.7698
764.16943 -1332.5571
763.9042 -1332.3445
763.6545 -1332.1443
763.3892 -1331.9316
763.12396 -1331.719
762.87427 -1331.5188
730.35504 -1305.4485
730.10535 -1305.2483
729.8401 -1305.0356
729.5748 -1304.823
729.32513 -1304.6228
729.0599 -1304.4102
728.7946 -1304.1975
728.5449 -1303.9973
728.27966 -1303.7847
728.0144 -1303.572
727.7647 -1303.3718
727.49945 -1303.1592
703.04755 -1283.5563
702.79785 -1283.3561
702.5326 -1283.1434
702.26733 -1282.9308
702.01764 -1282.7306
701.7524 -1282.518
701.4871 -1282.3053
701.2374 -1282.1051
700.97217 -1281.8925
700.7069 -1281.6798
700.4572 -1281.4796
700.19196 -1281.267
699.9267 -1281.0543
680.68665 -1265.6298
680.4214 -1265.4171
680.1717 -1265.2169
679.90643 -1265.0043
679.6412 -1264.7916
679.3915 -1264.5914
679.1262 -1264.3788
678.86096 -1264.1661
678.61127 -1263.966
678.346 -1263.7533
678.08075 -1263.5406
677.83105 -1263.3405
677.5658 -1263.1278
