827.2341 -1153.0411
835.6851 -1164.1425
836.2199 -1165.4147
846.46625 -1176.9484
857.38257 -1186.7612
858.31476 -1187.7239
859.26086 -1188.7008
871.29584 -1201.1283
882.41254 -1212.6075
883.35864 -1213.5845
896.5206 -1227.1757
897.48065 -1228.167
910.0484 -1234.9943
911.32965 -1235.3118
925.25354 -1233.7683
926.569 -1233.3511
940.5511 -1230.1616
941.86066 -1229.9962
959.04407 -1227.8257
960.3735 -1227.6577
961.6632 -1227.4948
977.43774 -1225.502
978.7473 -1225.3365
994.5815 -1223.3363
995.9506 -1223.1633
1010.4355 -1221.3335
1011.7649 -1221.1655
1026.071 -1219.3582
1027.4402 -1219.1852
1028.73 -1219.0222
1053.9338 -1206.3732
1055.2207 -1205.9331
1056.5076 -1205.493
1071.1237 -1197.5504
1080.329 -1186.2958
1081.1901 -1185.243
1082.0511 -1184.1903
1084.5094 -1170.388
1084.435 -1169.0901
1087.9436 -1149.8057
1088.355 -1148.5514
1090.4617 -1133.2141
1090.1648 -1131.9485
1086.2325 -1115.1835
1085.9174 -1113.84
1082.8939 -1100.9498
1082.5787 -1099.6063
1079.5233 -1086.5798
1079.2128 -1085.2557
1074.8785 -1066.7771
1071.179 -1049.8799
1071.3748 -1048.5542
1072.9326 -1032.872
1072.4235 -1031.6976
1060.5747 -1019.25757
1054.4547 -1005.1076
1054.1426 -1003.74286
1049.9968 -985.6108
1049.6803 -984.2265
1046.4528 -970.11084
1046.163 -968.84357
1041.7675 -949.61975
1041.4644 -948.29395
1029.4773 -941.63275
1009.83417 -930.102
1008.8602 -929.09625
1001.5697 -921.56775
1000.6236 -920.59076
991.44086 -911.1083
990.5226 -910.16003
989.5765 -909.18304
977.5554 -896.76965
976.6093 -895.79266
970.30426 -880.15076
962.22626 -866.8167
961.2834 -865.86456
960.36865 -864.94086
949.006 -850.4284
948.4741 -849.2203
946.2903 -844.2596
945.75037 -843.03314
936.2186 -825.56616
935.48865 -824.4904
925.7743 -810.175
925.02185 -809.06616
912.6562 -795.88257
911.4351 -795.3307
927.084 -782.92474
928.44446 -765.77313
927.34705 -765.0396
913.7629 -751.8633
913.9438 -750.5355
914.1026 -732.5875
913.1234 -731.6151
900.7912 -719.3685
899.8404 -718.4243
881.96136 -706.47974
880.6425 -706.42444
868.7909 -705.2202
867.63794 -704.426
