1170.0378 -1043.6111
1174.6127 -1020.3358
1161.1968 -995.63043
1148.6414 -977.56525
1147.6826 -976.1857
1147.0737 -974.6415
1146.8049 -954.17523
1146.983 -952.52484
1149.2966 -931.0894
1149.4747 -929.439
1159.029 -911.7299
1160.3613 -895.0231
1160.4949 -893.3484
1160.2356 -891.68854
1153.318 -874.7034
1152.6919 -873.1661
1152.0582 -871.61017
1146.8756 -860.23334
1145.6941 -858.69464
1134.4269 -844.0217
1133.4037 -842.6893
1132.3805 -841.3568
1110.0043 -812.21716
1108.9933 -810.9006
1081.4282 -790.3088
1080.1323 -789.2397
1064.6023 -771.1734
1063.5701 -769.7976
1045.2626 -753.11896
1043.9402 -752.0828
1029.5186 -743.3151
1027.933 -742.5985
1007.41394 -730.0859
1006.069 -729.01373
984.76685 -715.124
958.238 -702.6857
956.6444 -701.9386
933.34296 -693.201
931.6045 -693.27386
906.84625 -689.36646
892.904 -683.0653
866.6912 -678.8438
864.99536 -678.9624
844.9641 -681.95197
826.15283 -687.3636
824.37384 -687.4232
801.16284 -690.59515
780.96643 -693.92096
