1198.4829 -1124.8668
1198.7794 -1125.0331
1199.0759 -1125.1993
1199.3551 -1125.3558
1199.6516 -1125.5221
1199.9481 -1125.6884
1200.2273 -1125.8448
1200.5238 -1126.0111
1200.8203 -1126.1774
1201.0995 -1126.3339
1214.8575 -1136.6304
1215.0968 -1136.872
1215.322 -1137.0994
1215.5613 -1137.341
1215.8005 -1137.5825
1216.0258 -1137.8099
1216.265 -1138.0515
1216.5043 -1138.2931
1216.7295 -1138.5205
1229.3973 -1154.9635
1229.5464 -1155.269
1229.6954 -1155.5746
1229.8357 -1155.8622
1229.9847 -1156.1677
1230.1338 -1156.4733
1230.274 -1156.7609
1230.4231 -1157.0664
1208.6443 -1215.3591
1208.496 -1215.6427
1208.3385 -1215.944
1208.181 -1216.2452
1208.0327 -1216.5288
1207.8752 -1216.8301
1207.7178 -1217.1313
1184.0908 -1250.6305
1183.92 -1250.9244
1183.7493 -1251.2184
1183.5885 -1251.4951
1183.4177 -1251.7891
1183.247 -1252.083
1183.0862 -1252.3597
1182.9154 -1252.6537
1157.8867 -1276.0154
1157.5728 -1276.1459
1157.2588 -1276.2764
1156.9633 -1276.3992
1156.6493 -1276.5297
1156.3353 -1276.6602
1156.0398 -1276.783
1155.7258 -1276.9135
1123.8798 -1294.2908
1123.5474 -1294.4288
1123.2518 -1294.5516
1122.9563 -1294.6744
1122.6423 -1294.8049
1122.3284 -1294.9354
1122.0328 -1295.0582
1121.7189 -1295.1887
1121.4049 -1295.3192
1082.9912 -1318.5254
1082.7162 -1318.7252
1082.4412 -1318.925
1082.1823 -1319.1132
1081.9072 -1319.313
1081.6322 -1319.5128
1081.3733 -1319.7009
1081.0983 -1319.9008
1016.90497 -1360.5669
1016.6495 -1360.7913
1016.394 -1361.0156
1016.1535 -1361.2267
1015.898 -1361.451
1015.6425 -1361.6754
1015.40204 -1361.8865
1015.14655 -1362.1108
972.94275 -1374.6592
972.60284 -1374.6658
972.26294 -1374.6724
971.943 -1374.6786
971.6031 -1374.6852
971.2632 -1374.6918
970.94324 -1374.698
970.60333 -1374.7046
922.37427 -1380.9233
922.03503 -1380.9462
921.71576 -1380.9677
921.35657 -1380.9918
921.0373 -1381.0133
920.718 -1381.0348
920.3788 -1381.0576
920.03955 -1381.0804
919.7203 -1381.1019
874.9484 -1382.6246
874.6085 -1382.6312
874.2687 -1382.6217
873.9495 -1382.5985
873.612 -1382.5577
873.27673 -1382.5011
872.9639 -1382.4337
872.63153 -1382.362
826.5412 -1367.8739
826.22205 -1367.7567
825.9029 -1367.6395
825.6025 -1367.5293
825.2833 -1367.4121
824.9642 -1367.2949
824.66376 -1367.1847
824.3446 -1367.0675
824.02545 -1366.9503
823.72504 -1366.8401
783.4732 -1344.7737
783.19867 -1344.5731
782.9403 -1344.3843
782.6658 -1344.1837
782.39124 -1343.9832
782.1329 -1343.7943
781.85834 -1343.5938
781.5838 -1343.3932
781.32544 -1343.2043
733.7174 -1308.9313
733.4843 -1308.6837
733.2512 -1308.4362
733.03186 -1308.2032
732.79877 -1307.9557
732.5657 -1307.7081
732.3463 -1307.4752
732.1132 -1307.2277
731.8801 -1306.9801
687.7963 -1271.8882
687.5121 -1271.7017
687.24457 -1271.5261
686.9603 -1271.3396
686.6761 -1271.1531
686.40857 -1270.9775
686.1243 -1270.791
685.8401 -1270.6045
685.5726 -1270.429
648.9446 -1241.4575
714.4613 -830.3814
714.45325 -830.0415
714.4452 -829.7016
714.43756 -829.3817
714.4295 -829.0418
714.42145 -828.7019
714.4138 -828.382
714.40576 -828.0421
719.7092 -798.8549
719.7012 -798.515
719.69354 -798.1951
719.6855 -797.8552
719.6774 -797.5153
719.6698 -797.19543
719.66174 -796.8555
729.23505 -760.7398
729.4473 -760.47424
729.672 -760.21906
729.894 -759.9885
730.1412 -759.75507
730.3992 -759.5336
730.65106 -759.33624
730.92834 -759.13947
731.21466 -758.95605
765.22723 -745.4244
765.52374 -745.3041
765.8388 -745.1763
766.1539 -745.04846
766.4504 -744.92816
766.76544 -744.80035
767.0805 -744.67255
767.377 -744.55225
767.6921 -744.42444
768.00714 -744.29663
791.46954 -734.77844
791.80316 -734.6431
792.0997 -734.5228
792.3962 -734.4025
792.71124 -734.2747
793.0263 -734.1469
793.3228 -734.0266
793.6379 -733.8988
793.95294 -733.771
794.24945 -733.6507
812.73566 -728.58215
813.0737 -728.54614
813.3919 -728.5122
813.73 -728.4762
814.06805 -728.4402
814.3862 -728.40625
814.7243 -728.37024
815.0624 -728.3342
815.38055 -728.3003
838.2191 -732.80646
838.5511 -732.87994
838.8635 -732.9491
839.1955 -733.0226
839.52747 -733.09607
839.8399 -733.1652
840.1719 -733.2387
840.50385 -733.3122
840.8163 -733.38135
841.14825 -733.45483
841.4802 -733.5283
863.4963 -742.5991
863.8008 -742.6976
864.12427 -742.8022
864.44775 -742.9068
864.75226 -743.00525
865.07574 -743.10986
865.39923 -743.2145
865.70374 -743.3129
866.0272 -743.41754
885.22156 -756.48676
885.47833 -756.67773
885.75116 -756.8806
886.024 -757.0835
886.28076 -757.2745
886.5536 -757.47736
886.8264 -757.68024
887.0832 -757.8712
887.356 -758.0741
887.62885 -758.277
905.7931 -765.6596
906.11127 -765.7794
906.4107 -765.8922
906.7289 -766.012
907.04706 -766.13184
907.3465 -766.2446
907.6647 -766.36444
907.98285 -766.48425
908.2823 -766.59705
932.3252 -774.3945
932.65497 -774.31177
932.96155 -774.2201
933.28235 -774.10736
933.5974 -773.97955
933.88824 -773.8461
934.1902 -773.6899
947.27875 -762.23285
947.47894 -761.95807
947.67914 -761.6833
947.86755 -761.4247
948.06775 -761.1499
948.26794 -760.8751
948.45636 -760.6165
948.5085 -738.79565
948.4392 -738.46277
948.3858 -738.127
948.3497 -737.8091
948.3274 -737.4698
948.3212 -737.1298
948.3297 -736.80994
948.35486 -736.4709
948.39606 -736.13336
948.449 -735.81775
951.7603 -711.9708
951.6803 -711.661
951.5953 -711.3318
951.51025 -711.00256
951.43024 -710.69275
951.3452 -710.3635
951.2602 -710.0343
951.1802 -709.7245
940.6989 -695.7417
940.3781 -695.62897
940.07623 -695.5229
939.75543 -695.41016
939.43463 -695.2974
939.13275 -695.19135
938.81195 -695.0786
938.49115 -694.9659
904.2877 -687.5742
903.9483 -687.5543
903.6089 -687.5344
903.2894 -687.5157
902.95 -687.4958
902.6106 -687.4759
902.29114 -687.45715
901.9517 -687.43726
901.6123 -687.41736
878.6516 -686.07104
878.33215 -686.0523
877.99274 -686.0324
877.6533 -686.0125
877.33386 -685.9938
876.99445 -685.9739
876.655 -685.954
876.3356 -685.93524
875.99615 -685.91534
875.65674 -685.89545
843.7725 -685.19257
843.45746 -685.2486
843.1227 -685.3081
842.7879 -685.3676
842.47284 -685.42365
842.13806 -685.48315
841.8033 -685.54266
841.4882 -685.5987
807.49774 -688.8077
807.16296 -688.8672
806.8479 -688.9232
806.5131 -688.9827
806.17834 -689.04224
805.8633 -689.09827
805.5285 -689.1578
765.7196 -694.8162
765.40015 -694.7975
765.0602 -694.7937
764.7204 -694.806
764.4014 -694.8319
764.0642 -694.8755
763.72943 -694.935
746.63025 -699.9198
746.3494 -700.0732
746.051 -700.23615
745.7526 -700.3991
745.4718 -700.5525
745.1734 -700.71545
744.875 -700.8784
744.5942 -701.0318
744.2958 -701.19476
725.4727 -706.4627
725.1549 -706.58344
724.8371 -706.70416
724.53796 -706.8178
724.22015 -706.93854
723.90234 -707.05927
723.6032 -707.1729
723.2854 -707.29364
722.9676 -707.41437
722.66846 -707.528
704.0886 -716.32935
703.8241 -716.5094
703.543 -716.7007
703.26196 -716.89197
702.99744 -717.072
702.7164 -717.2633
702.4353 -717.4546
702.1708 -717.63464
701.8897 -717.8259
681.7688 -731.52014
681.5043 -731.7002
681.2232 -731.8915
680.94214 -732.08276
680.6776 -732.2628
680.39655 -732.4541
680.1155 -732.6454
679.85095 -732.82544
679.5699 -733.0167
679.2888 -733.208
679.0243 -733.38806
657.5944 -750.1308
657.36554 -750.3822
657.1501 -750.61884
656.9212 -750.87024
656.6923 -751.12164
656.47687 -751.3583
656.248 -751.6097
656.0191 -751.8611
655.80365 -752.0977
655.57477 -752.3491
640.09076 -769.35626
639.8619 -769.60767
639.6464 -769.8443
639.41754 -770.0957
639.18866 -770.3471
638.9732 -770.58374
638.7443 -770.83514
638.51544 -771.08655
638.3 -771.3232
615.9002 -793.45044
615.69556 -793.6964
615.4781 -793.95776
615.2606 -794.2191
615.05597 -794.4651
614.8385 -794.72644
614.62103 -794.9878
614.4164 -795.23376
614.1989 -795.4951
589.8946 -824.70483
589.6771 -824.9662
589.4725 -825.21216
589.255 -825.4735
589.03754 -825.73486
588.8329 -825.98083
588.6154 -826.2422
588.39795 -826.50354
588.1677 -826.7803
587.9758 -827.01086
569.2103 -849.56384
569.0057 -849.8098
568.7882 -850.07117
568.57074 -850.3325
568.3661 -850.5785
568.1486 -850.83984
567.93115 -851.1012
567.7265 -851.34717
567.50903 -851.6085
567.29156 -851.8699
567.0869 -852.11584
555.86755 -869.2695
555.73865 -869.5624
555.6017 -869.87354
555.4647 -870.1847
555.3358 -870.4776
555.19885 -870.78876
555.0619 -871.0999
554.9249 -871.4111
549.01636 -888.60693
548.97046 -888.94385
548.92725 -889.2609
548.88135 -889.59784
548.83545 -889.93475
548.79224 -890.25183
548.74634 -890.58875
548.70044 -890.92566
551.82654 -928.87335
551.87524 -929.20984
551.92395 -929.5463
551.9698 -929.86304
552.0185 -930.1995
552.0672 -930.536
552.11304 -930.8527
552.16174 -931.1892
552.21045 -931.5257
552.2563 -931.8424
552.305 -932.1789
556.50793 -961.21625
556.5538 -961.53296
556.6025 -961.86945
556.6512 -962.20593
556.697 -962.52264
556.7457 -962.85913
556.79443 -963.1956
556.8403 -963.5123
556.889 -963.8488
566.7921 -1014.6106
566.9317 -1014.9206
567.0631 -1015.2124
567.2027 -1015.5224
567.3423 -1015.8324
567.4737 -1016.1242
567.6133 -1016.4342
567.75287 -1016.7442
571.53827 -1048.2745
571.6131 -1048.5857
571.69257 -1048.9163
571.77203 -1049.2468
571.84686 -1049.558
571.92633 -1049.8885
572.0058 -1050.2191
572.0806 -1050.5303
584.47345 -1084.7544
584.6304 -1085.0333
584.79706 -1085.3297
584.96375 -1085.6261
585.12067 -1085.905
585.28735 -1086.2014
585.45404 -1086.4978
585.61096 -1086.7767
585.77765 -1087.0731
598.84894 -1110.3126
599.0156 -1110.609
599.1823 -1110.9054
599.33923 -1111.1843
599.5059 -1111.4807
599.6726 -1111.7771
599.8295 -1112.056
599.9962 -1112.3524
600.1629 -1112.6488
600.3198 -1112.9277
609.02057 -1134.2908
609.0834 -1134.6249
609.14246 -1134.9393
609.20526 -1135.2734
609.26807 -1135.6075
609.32715 -1135.922
609.38995 -1136.2561
609.45276 -1136.5902
609.51184 -1136.9047
624.11285 -1173.9778
624.25073 -1174.2886
624.3886 -1174.5994
624.5184 -1174.8918
624.65625 -1175.2026
624.7941 -1175.5134
624.9239 -1175.8059
625.06177 -1176.1167
631.2824 -1190.1384
631.4122 -1190.4309
631.55005 -1190.7417
631.6879 -1191.0525
631.8177 -1191.345
631.95557 -1191.6558
632.09344 -1191.9666
632.2232 -1192.259
632.3611 -1192.5698
632.49896 -1192.8806
643.0424 -1216.6462
643.1722 -1216.9387
643.31006 -1217.2495
643.44794 -1217.5603
643.5777 -1217.8528
643.7156 -1218.1636
643.85345 -1218.4744
643.9832 -1218.7668
644.1211 -1219.0776
644.259 -1219.3884
