639.1573 -1222.2036
638.7479 -1221.012
638.34503 -1219.8392
637.93567 -1218.6476
625.6594 -1184.598
617.5333 -1155.9486
616.8768 -1154.9204
597.9289 -1114.3295
597.67694 -1113.1357
583.6802 -1093.0233
582.80493 -1092.0621
581.9297 -1091.101
573.7268 -1072.8444
573.25586 -1071.6973
567.71344 -1034.1465
561.1045 -1003.26575
554.95197 -974.51654
554.69244 -973.304
555.2639 -954.54834
555.4332 -953.2796
550.39307 -927.86743
551.4778 -910.18585
551.4303 -908.92676
555.9266 -872.2415
556.5385 -871.11725
565.00073 -855.571
565.62225 -854.4292
566.2151 -853.3401
575.37537 -836.51154
576.0064 -835.3522
590.29047 -819.1232
591.2466 -818.3026
603.63354 -805.59576
604.2678 -804.4382
616.39844 -788.3234
617.33484 -787.51056
635.85187 -771.43713
636.8185 -770.5981
637.77 -769.7721
648.50867 -760.4505
649.4904 -759.5983
661.1502 -749.477
662.14703 -748.6117
663.1288 -747.7595
691.29675 -723.30835
692.2785 -722.4562
717.02386 -710.7336
718.2656 -710.52
719.5468 -710.2996
736.16284 -707.4416
737.44403 -707.2212
755.2902 -695.35657
756.3734 -694.7129
797.72754 -691.9151
824.22955 -687.2113
825.46936 -687.19055
826.80914 -687.1681
842.3869 -686.9071
843.7067 -686.885
845.00653 -686.8632
867.00354 -686.4948
868.32336 -686.4727
903.81555 -690.93
905.1333 -690.85266
916.3742 -692.94446
917.5397 -693.56415
918.6875 -694.17444
939.76337 -700.3262
955.37085 -705.70325
956.38965 -706.51074
978.0163 -743.00494
978.22736 -744.308
988.993 -768.78436
989.43933 -770.0054
997.1575 -791.119
997.6038 -792.34
1003.53656 -808.56964
1004.0035 -809.847
1009.4145 -824.6492
1009.90204 -825.98285
1016.63824 -844.41034
1017.09143 -845.6501
1022.51605 -860.4897
1022.9624 -861.7107
1023.4156 -862.95044
1028.4215 -876.64417
