881.782 -1147.6351
907.77057 -1158.5071
909.5703 -1159.0504
929.857 -1155.7334
931.71625 -1155.7853
944.707 -1154.1854
946.51605 -1153.753
963.18665 -1149.769
965.0461 -1149.8158
981.76074 -1150.2361
993.26654 -1149.097
1014.8737 -1139.4901
1024.1902 -1140.9728
1027.1838 -1149.3687
1023.03284 -1160.0801
1021.9459 -1161.711
1013.6842 -1168.931
993.7534 -1162.652
978.98267 -1166.9805
967.762 -1182.0045
962.2973 -1193.3582
952.7118 -1194.728
936.09546 -1199.7479
922.3758 -1201.7152
907.2276 -1196.2308
891.6899 -1188.3551
889.9595 -1187.478
879.6307 -1182.2427
867.50006 -1176.094
856.636 -1170.5872
848.02203 -1175.7059
854.5325 -1185.4755
862.0965 -1196.8258
863.64026 -1198.1285
875.6084 -1208.228
886.36896 -1217.3085
887.9433 -1218.637
901.5011 -1230.0776
902.96844 -1231.3159
923.40356 -1235.9728
941.1297 -1231.3109
955.94714 -1224.862
957.97107 -1224.6063
972.2419 -1226.5306
991.8293 -1224.1674
993.847 -1223.8666
1012.44147 -1221.0942
1031.8865 -1218.1951
1042.3478 -1215.2417
1056.482 -1208.2255
1058.2734 -1207.3362
1070.3308 -1200.7233
1071.8334 -1199.3435
1083.4417 -1188.684
1089.6752 -1176.6333
1090.2183 -1174.7292
1094.0693 -1161.2278
1094.6179 -1159.3044
1093.6255 -1141.994
1092.6274 -1140.3304
1083.4984 -1118.5477
1078.9642 -1101.1902
1078.4637 -1099.2744
1069.1361 -1079.5204
1062.2894 -1058.7059
1057.4612 -1041.0334
1056.8761 -1038.892
1052.3584 -1019.8319
1053.1202 -1001.0273
1053.2004 -999.0489
1050.8552 -975.08
1039.3907 -963.83435
1023.42786 -960.1608
1021.4398 -959.7033
1008.6222 -953.8119
1007.243 -952.3635
996.6989 -940.4758
996.29944 -938.55695
1001.342 -923.4007
1006.9331 -908.36664
