420.2752 -1098.8203
419.5965 -1098.862
418.9178 -1098.9038
418.23907 -1098.9456
404.1059 -1099.815
403.4342 -1099.9209
402.77557 -1100.09
402.11694 -1100.259
384.48895 -1104.7853
383.83032 -1104.9543
383.1717 -1105.1234
382.53244 -1105.2876
381.8738 -1105.4567
352.8058 -1114.3082
352.16614 -1114.5391
351.54532 -1114.7631
350.90567 -1114.9939
333.9692 -1129.4418
333.45944 -1129.8918
332.94968 -1130.3419
332.4399 -1130.792
314.67303 -1146.4773
314.16327 -1146.9274
313.6835 -1147.351
297.45294 -1171.3015
297.10086 -1171.8597
296.74878 -1172.418
296.38602 -1172.9932
296.03394 -1173.5514
