762627.3386 9252316.5815 3889.0000
762639.5436 9252313.4301 3888.0000
762645.8403 9252306.1215 3887.0000
762653.3805 9252302.8306 3886.0000
762661.6698 9252297.9909 3885.0000
762668.5553 9252293.2425 3884.0000
762675.9319 9252290.2001 3883.0000
762683.2830 9252286.2269 3882.0000
762693.4887 9252282.1549 3881.0000
762711.1015 9252275.0818 3879.0000
762725.9805 9252270.0886 3878.0000
762734.9548 9252264.6398 3877.0000
762743.5835 9252253.8572 3876.0000
762751.2772 9252244.6400 3875.0000
762753.7903 9252234.9594 3874.0000
762756.7295 9252224.9052 3873.0000
762756.1548 9252214.3051 3872.0000
762755.4211 9252204.6215 3871.0000
762755.8764 9252194.4201 3870.0000
762753.7760 9252184.1802 3869.0000
762752.0325 9252175.2859 3868.0000
762751.6886 9252166.2716 3867.0000
762750.7842 9252157.3206 3866.0000
762750.7207 9252148.5301 3865.0000
762752.0970 9252139.1818 3864.0000
762751.4596 9252129.6664 3863.0000
762751.7588 9252120.2539 3862.0000
762753.9635 9252110.7111 3861.0000
762755.6140 9252100.7086 3860.0000
762758.6740 9252090.5747 3859.0000
762760.6850 9252079.1331 3858.0000
762765.1195 9252069.7919 3857.0000
762769.2148 9252061.0407 3856.0000
762770.5581 9252050.2719 3855.0000
762774.8860 9252040.4639 3854.0000
762778.9345 9252029.6454 3853.0000
762784.3594 9252019.0038 3852.0000
762790.6351 9252013.5416 3851.0000
762794.2690 9252004.4673 3850.0000
762799.2317 9251996.3734 3849.0000
762803.1429 9251987.8822 3848.0000
762808.2639 9251980.9854 3847.0000
762816.1093 9251967.9072 3845.5000
762818.2330 9251962.3912 3845.0000
762826.7523 9251953.9797 3844.0000
762831.9499 9251944.4778 3843.0000
762839.9915 9251936.7169 3842.0000
762844.5588 9251927.2391 3841.0000
762851.8356 9251920.0645 3840.0000
762857.5483 9251912.4178 3839.0000
762866.6190 9251905.0928 3838.0000
762873.0058 9251896.1456 3837.0000
762877.7610 9251888.3587 3836.0000
762884.5730 9251881.4558 3835.0000 
762892.7071 9251873.8609 3834.0000
762899.8906 9251867.8323 3833.0000
762906.5328 9251860.8785 3832.0000
762912.7158 9251853.6105 3831.0000
762940.6756 9251836.7437 3831.0000
762942.4402 9251852.9704 3830.0000
762934.5712 9251863.2619 3829.0000
762928.5464 9251870.0572 3828.0000
762921.6659 9251877.8437 3827.0000
762914.3771 9251885.5529 3826.0000
762907.8951 9251892.9169 3825.0000
762900.6472 9251902.7779 3824.0000
762893.6315 9251912.0892 3823.0000
762888.5253 9251919.2598 3822.0000
762881.8953 9251928.8298 3821.0000
762876.8896 9251939.2749 3820.0000
762874.8949 9251943.0835 3820.0000








