763309.6503 9252241.3555 3681.0000
763295.3791 9252233.4836 3680.0000
763287.6914 9252226.3035 3679.0000
763279.6126 9252221.9502 3678.0000
763273.9395 9252216.5737 3677.0000
763266.8920 9252210.6449 3676.0000
763260.2722 9252205.5950 3675.0000
763253.1035 9252196.0051 3674.0000
763247.2799 9252188.8743 3673.0000
763236.6464 9252178.7032 3672.0000
763223.7553 9252175.2825 3671.0000
763206.9486 9252173.6325 3670.0000
763193.9152 9252178.2129 3669.0000
763185.3690 9252182.5195 3668.0000
763177.7125 9252191.2710 3667.0000
763171.0974 9252199.8687 3666.0000
763168.6995 9252211.9683 3665.0000
763177.3469 9252229.9357 3664.0000
763183.7236 9252240.4808 3663.0000
763188.2566 9252245.4700 3662.0000
763197.6632 9252249.8057 3661.0000
763205.5981 9252254.2581 3660.0000
763211.9287 9252255.7681 3659.0000
763219.1653 9252256.3114 3658.0000
763225.2917 9252257.7914 3657.0000
763232.8967 9252259.8556 3656.0000
763244.0536 9252262.0042 3655.0000
763251.1707 9252264.5298 3655.0000
763252.3936 9252264.7114 3655.0000
763253.3318 9252265.1812 3654.0000
763254.1660 9252265.8330 3653.0000
763255.0804 9252266.3087 3652.0000





