762647.4287 9252330.4767 3889.0000
762656.9341 9252321.9883 3888.0000
762662.3324 9252317.1798 3887.0000
762667.3530 9252311.7689 3886.0000
762675.2770 9252307.7713 3885.0000
762681.6235 9252302.1450 3884.0000
762689.4792 9252298.3386 3883.0000
762697.3690 9252296.6233 3882.0000
762705.2277 9252294.8683 3881.0000
762712.7309 9252293.3807 3880.0000
762719.8339 9252292.8134 3879.0000
762726.1972 9252293.5831 3878.0000
762732.4137 9252294.4281 3877.0000
762738.6150 9252294.6630 3876.0000
762744.4945 9252295.9108 3875.0000
762749.8013 9252298.1046 3874.0000
762755.4384 9252300.4423 3873.0000
762762.2784 9252304.1605 3872.0000
762771.2774 9252307.4244 3871.0000
762769.8989 9252317.0930 3870.0000
762769.2297 9252325.9676 3869.0000
762749.1832 9252325.5031 3868.0000
762730.8978 9252323.8817 3867.0000
762720.1618 9252327.2363 3866.0000
762713.3611 9252332.9512 3865.0000
762705.8054 9252340.9240 3864.0000
762700.0760 9252349.2322 3863.0000
762696.1432 9252361.4085 3862.0000
762695.2147 9252369.5573 3861.0000
762695.4556 9252376.8116 3860.0000
762697.9714 9252384.2378 3859.0000
762696.5747 9252392.4179 3858.0000
762697.6193 9252397.7967 3857.0000
762701.5087 9252402.4304 3856.0000
762704.0394 9252407.5998 3855.0000
762709.2264 9252418.6853 3854.0000
762716.0187 9252424.3048 3853.0000
762725.4795 9252430.8971 3852.0000
762732.3354 9252437.9210 3851.0000



