697.0171 -867.8863
697.0649 -867.5497
697.10986 -867.23285
697.16046 -866.8764
697.20825 -866.5398
697.25323 -866.22296
697.301 -865.88635
697.3516 -865.5299
697.3994 -865.1933
700.8021 -851.8597
700.9135 -851.53845
701.0249 -851.2172
701.1363 -850.896
701.2542 -850.55585
701.3656 -850.2346
701.4704 -849.93225
701.5883 -849.5921
701.6931 -849.28973
706.5608 -835.2496
706.68524 -834.89056
706.79004 -834.5882
706.9014 -834.26697
707.0128 -833.94574
707.1242 -833.6245
707.2356 -833.3033
707.347 -832.98206
707.4584 -832.6608
707.56976 -832.3396
712.66705 -817.6383
712.77844 -817.3171
712.88983 -816.99585
713.0012 -816.6746
713.1126 -816.3534
713.2305 -816.01324
713.355 -815.65424
713.45325 -815.3708
713.57117 -815.03064
713.68256 -814.7094
720.01154 -796.45557
720.1229 -796.13434
720.2343 -795.8131
720.3457 -795.4919
720.4571 -795.17065
720.5685 -794.8494
720.6864 -794.5093
720.7978 -794.18805
720.9092 -793.8668
721.02057 -793.5456
721.13196 -793.22437
727.84644 -778.23004
728.0444 -777.9536
728.2539 -777.6609
728.4402 -777.4007
728.6381 -777.12427
728.83606 -776.84784
729.0456 -776.5551
729.2435 -776.2787
729.44147 -776.00226
729.651 -775.70953
729.84894 -775.4331
740.37177 -761.17834
740.6411 -760.9709
740.92004 -760.7764
741.2079 -760.59546
741.51263 -760.4038
741.8005 -760.22284
742.1052 -760.0312
742.41 -759.83954
742.6978 -759.65857
755.14215 -751.8335
755.4469 -751.64185
755.73474 -751.4609
756.0395 -751.2692
756.32733 -751.08826
756.6152 -750.9073
756.903 -750.7263
757.20776 -750.53467
757.5464 -750.3218
757.81726 -750.1514
758.122 -749.9598
758.42676 -749.7681
768.4839 -743.4443
768.7717 -743.2633
769.0596 -743.08234
769.3643 -742.8907
769.66907 -742.69904
769.9569 -742.51807
770.24475 -742.3371
782.967 -736.31793
783.29333 -736.166
783.60156 -736.0225
783.9098 -735.879
784.23615 -735.7271
784.5444 -735.5836
784.8526 -735.4401
785.17896 -735.2882
785.5053 -735.1363
785.81354 -734.9928
786.12177 -734.8493
786.43 -734.7058
786.75635 -734.5539
821.7523 -730.725
822.112 -730.7099
822.4717 -730.6948
822.83136 -730.67975
823.1711 -730.6655
823.53076 -730.65045
823.8705 -730.6362
824.2501 -730.6203
824.6098 -730.6052
824.9495 -730.591
825.3092 -730.5759
852.645 -737.2228
852.96967 -737.3238
853.3134 -737.4307
853.63806 -737.53174
853.9818 -737.6387
854.32556 -737.7456
854.6693 -737.85254
855.01306 -737.9595
855.3568 -738.0664
876.5595 -746.4591
876.86743 -746.64557
877.17535 -746.83203
877.4662 -747.0082
877.7912 -747.205
878.0991 -747.3915
878.40704 -747.57794
878.71497 -747.7644
879.0229 -747.95087
879.3137 -748.127
900.3172 -761.6509
900.5699 -761.9347
900.79596 -762.1886
901.04865 -762.4724
925.16113 -778.80994
925.49713 -778.9874
925.8155 -779.1555
926.13385 -779.3236
926.4345 -779.48236
926.73517 -779.6411
927.07117 -779.8186
927.3718 -779.97736
927.6902 -780.14545
928.00854 -780.31354
928.3092 -780.4723
952.71246 -793.9133
953.04645 -794.0477
953.38043 -794.1821
953.69586 -794.3091
954.02985 -794.4435
954.3824 -794.5853
954.6978 -794.7123
955.01324 -794.83923
955.3658 -794.9811
955.69977 -795.1155
956.03375 -795.2499
956.36774 -795.3843
990.5567 -814.2429
990.85767 -814.4405
991.1419 -814.6271
991.42615 -814.81366
991.7271 -815.0112
992.0281 -815.2088
992.32904 -815.4064
992.6133 -815.59296
992.93097 -815.80145
993.23193 -815.999
1038.2161 -839.3213
1038.5664 -839.404
1038.8973 -839.4821
1039.2477 -839.5648
1039.6176 -839.6521
1039.9485 -839.7302
1040.2988 -839.8129
1040.6298 -839.89105
1092.0273 -844.5586
1092.3671 -844.5728
1092.7068 -844.58704
1093.0665 -844.6021
1093.3862 -844.61554
1093.7659 -844.6315
1094.1256 -844.64655
1094.4653 -844.66077
1094.8251 -844.67584
1095.1448 -844.6893
1112.6355 -846.96796
1112.9623 -847.11896
1113.2709 -847.2616
1113.5977 -847.4126
1113.9244 -847.5636
1114.2512 -847.7146
1114.5598 -847.85724
1114.8866 -848.00824
1115.1952 -848.1509
1115.522 -848.3019
1115.8306 -848.4445
1130.0474 -859.27203
1130.3035 -859.52496
1130.5454 -859.76385
1130.8015 -860.0168
1131.0576 -860.2697
1131.2996 -860.5086
1131.5557 -860.76154
1131.7976 -861.0004
1132.068 -861.26746
1143.4401 -878.11053
1143.6038 -878.4534
1143.7502 -878.76025
1143.9054 -879.08514
1144.0519 -879.39197
1144.207 -879.71686
1144.3535 -880.0237
1144.5259 -880.38464
1144.6724 -880.69147
1144.836 -881.03436
1147.9723 -900.2289
1148.0079 -900.5871
1148.0416 -900.9254
1148.0773 -901.2836
1148.1129 -901.64185
1148.1486 -902.00006
1148.1823 -902.3384
1148.2179 -902.6966
1148.2535 -903.0548
1147.2017 -931.92804
1147.2373 -932.28625
1147.273 -932.6445
1147.3086 -933.0027
1147.3442 -933.3609
1147.3799 -933.7191
1147.4155 -934.07733
1147.4492 -934.41565
1147.4868 -934.79376
1149.4553 -954.57526
1149.489 -954.9136
1149.5247 -955.2718
1149.5603 -955.63
1149.596 -955.9882
1149.6335 -956.36633
1149.6692 -956.72455
1149.7068 -957.10266
1149.7384 -957.4211
1149.774 -957.7793
1149.8097 -958.1375
1149.8453 -958.4957
1154.2639 -985.387
1154.4208 -985.71106
1154.5776 -986.0351
1154.7258 -986.3411
1154.8827 -986.66516
1155.0396 -986.9892
1155.1964 -987.31323
1155.3533 -987.63727
1174.1788 -1026.631
1174.2155 -1026.9891
1174.2521 -1027.3473
1174.2866 -1027.6855
1174.3232 -1028.0437
1174.3599 -1028.4019
1174.3965 -1028.76
1174.431 -1029.0983
