431.62064 -1252.0831
431.5601 -1252.438
431.50293 -1252.7732
431.44577 -1253.1084
431.3886 -1253.4436
431.33145 -1253.7788
431.2709 -1254.1337
431.21036 -1254.4885
431.15656 -1254.804
431.0994 -1255.1392
435.76752 -1279.46
435.84146 -1279.7919
435.91974 -1280.1433
435.99802 -1280.4948
436.085 -1280.8851
436.15894 -1281.217
436.2372 -1281.5685
436.31116 -1281.9004
436.3851 -1282.2323
436.46338 -1282.5837
436.54166 -1282.9352
436.6156 -1283.2671
432.70654 -1325.1682
432.41718 -1325.3048
432.09164 -1325.4585
431.7842 -1325.6036
431.47678 -1325.7488
431.16934 -1325.8939
430.8619 -1326.0391
430.53638 -1326.1927
430.22894 -1326.3379
429.9215 -1326.483
418.10065 -1331.7977
417.7648 -1331.8507
417.40918 -1331.9067
417.09308 -1331.9565
416.73746 -1332.0126
416.42136 -1332.0624
416.0855 -1332.1154
415.74966 -1332.1683
415.39404 -1332.2244
415.0582 -1332.2773
400.39948 -1332.9525
400.11014 -1332.7739
399.8296 -1332.5818
399.55847 -1332.3766
399.2974 -1332.1588
399.04697 -1331.9288
398.7818 -1331.6853
398.54608 -1331.4689
398.29565 -1331.2389
382.47415 -1316.7095
382.20898 -1316.466
381.97327 -1316.2495
381.72284 -1316.0195
381.4724 -1315.7896
381.20724 -1315.546
380.95682 -1315.316
380.7064 -1315.086
380.45596 -1314.8561
380.20554 -1314.6261
379.9551 -1314.3961
362.05426 -1295.3901
361.86905 -1295.0814
361.69412 -1294.7899
361.5295 -1294.5155
361.35458 -1294.224
361.17966 -1293.9325
360.99445 -1293.6238
360.81952 -1293.3323
360.6446 -1293.0408
360.46967 -1292.7493
350.79752 -1276.6295
350.6123 -1276.3208
350.43738 -1276.0293
350.26245 -1275.7378
350.08752 -1275.4463
349.9126 -1275.1548
349.73767 -1274.8633
349.56274 -1274.5718
349.38782 -1274.2803
344.455 -1253.7178
344.40063 -1253.3822
344.34628 -1253.0466
344.28873 -1252.6913
344.23438 -1252.3557
344.18002 -1252.0201
344.12567 -1251.6846
344.07132 -1251.349
344.01376 -1250.9937
343.9594 -1250.6581
340.16086 -1227.2062
340.1033 -1226.8508
340.04895 -1226.5153
339.9946 -1226.1797
339.94025 -1225.8441
339.8859 -1225.5085
339.83154 -1225.173
339.7772 -1224.8374
339.72284 -1224.5018
339.6685 -1224.1663
339.61093 -1223.8109
339.55658 -1223.4753
339.49902 -1223.12
339.44467 -1222.7844
339.3935 -1222.4685
339.33594 -1222.1132
336.17587 -1190.691
336.12244 -1190.3552
336.069 -1190.0194
336.01242 -1189.664
335.95898 -1189.3281
335.90555 -1188.9923
335.8521 -1188.6565
335.79868 -1188.3207
335.7421 -1187.9652
335.6918 -1187.6492
335.63522 -1187.2937
335.5818 -1186.9579
330.999 -1169.0927
330.85165 -1168.7863
330.69565 -1168.4618
330.5483 -1168.1554
330.40097 -1167.849
330.25363 -1167.5426
330.09763 -1167.2181
329.95895 -1166.9297
329.80295 -1166.6052
329.6556 -1166.2988
316.11652 -1155.7803
315.774 -1155.6696
315.45047 -1155.565
315.146 -1155.4664
314.80347 -1155.3557
314.47995 -1155.2511
314.15643 -1155.1465
299.16205 -1157.3755
298.97217 -1157.633
298.79398 -1157.8988
298.60876 -1158.2075
298.43387 -1158.499
298.25897 -1158.7905
298.07376 -1159.0992
297.89886 -1159.3907
