386.81775 -1551.7202
386.33002 -1543.2893
386.36868 -1542.9113
386.4053 -1542.5531
386.44193 -1542.195
386.47855 -1541.8368
386.51517 -1541.4786
386.54977 -1541.1404
386.5864 -1540.7822
386.62302 -1540.4241
386.65964 -1540.0659
383.71567 -1525.7383
383.62466 -1525.39
383.53366 -1525.0417
383.44266 -1524.6935
383.35672 -1524.3645
383.26572 -1524.0162
383.1747 -1523.668
383.0837 -1523.3197
382.9927 -1522.9714
382.9017 -1522.6232
380.16858 -1510.0428
380.14798 -1509.6835
380.14548 -1509.3235
380.16104 -1508.9639
380.19467 -1508.6055
380.24628 -1508.2491
380.3157 -1507.8959
380.4028 -1507.5465
385.36218 -1487.6542
385.44928 -1487.3048
385.5412 -1486.9362
385.6283 -1486.5868
385.7202 -1486.2181
385.80246 -1485.8882
385.88956 -1485.5388
385.97665 -1485.1895
386.06375 -1484.8401
386.15567 -1484.4714
386.24277 -1484.1221
389.9587 -1469.2173
390.05063 -1468.8486
390.13773 -1468.4993
390.22482 -1468.1499
390.31192 -1467.8005
390.39902 -1467.4512
394.10654 -1447.5468
394.04898 -1447.1914
393.99142 -1446.836
393.93387 -1446.4807
393.8763 -1446.1254
393.81876 -1445.77
393.7612 -1445.4147
393.70685 -1445.0791
393.6493 -1444.7238
393.58853 -1444.3486
389.8202 -1433.5668
389.53253 -1433.3185
389.27515 -1433.0963
389.01776 -1432.8741
388.76038 -1432.652
388.47272 -1432.4037
388.21533 -1432.1815
387.9428 -1431.9463
387.68542 -1431.7241
387.4129 -1431.4889
365.1656 -1404.4214
364.957 -1404.1528
364.73615 -1403.8685
364.52756 -1403.6
364.3067 -1403.3157
364.08585 -1403.0314
353.02777 -1378.1022
352.95047 -1377.7506
352.87317 -1377.399
352.79587 -1377.0475
352.72287 -1376.7155
352.64557 -1376.3639
352.56827 -1376.0123
352.47958 -1375.6841
340.9856 -1358.064
340.86353 -1357.7466
340.7271 -1357.392
340.59787 -1357.0559
340.46863 -1356.7198
340.3394 -1356.3838
340.2024 -1356.0726
340.05078 -1355.7683
339.88492 -1355.4716
339.69373 -1355.1665
339.48746 -1354.8715
319.2562 -1333.4355
318.9949 -1333.1597
318.7611 -1332.9128
318.5273 -1332.666
318.2798 -1332.4047
318.046 -1332.1578
317.79846 -1331.8965
317.55093 -1331.6351
317.31714 -1331.3883
317.08334 -1331.1415
316.83582 -1330.8801
300.77173 -1319.4426
300.4523 -1319.2368
300.1497 -1319.0417
299.8639 -1318.8575
299.5781 -1318.6733
299.2923 -1318.4891
