488.5639 -1346.5931
488.40723 -1346.2914
488.25055 -1345.9896
488.09387 -1345.6879
487.9372 -1345.3861
487.78052 -1345.0844
487.6309 -1344.757
492.96838 -1323.6929
493.00302 -1323.3346
493.03766 -1322.9763
493.0723 -1322.618
493.105 -1322.2797
493.13965 -1321.9214
493.17236 -1321.583
493.207 -1321.2247
493.24164 -1320.8665
496.1268 -1299.8729
496.28955 -1299.5295
496.43518 -1299.2223
496.59793 -1298.8789
496.74356 -1298.5717
496.89774 -1298.2463
497.0605 -1297.903
501.07773 -1289.4266
501.2319 -1289.1013
501.38608 -1288.776
501.54025 -1288.4507
501.69443 -1288.1254
501.84006 -1287.8181
502.0028 -1287.4747
502.14844 -1287.1675
514.0701 -1274.9336
514.32697 -1274.6814
514.5838 -1274.4292
514.8549 -1274.163
515.11176 -1273.9108
515.3829 -1273.6445
515.6397 -1273.3923
515.89655 -1273.1401
516.1534 -1272.888
516.4102 -1272.6357
527.42773 -1264.1698
527.73035 -1263.9747
528.04974 -1263.7689
528.35236 -1263.5739
528.65497 -1263.3788
540.02045 -1253.695
540.2766 -1253.442
540.5328 -1253.1891
540.78894 -1252.9362
541.0451 -1252.6832
541.3013 -1252.4303
548.83167 -1241.4443
549.0235 -1241.1163
549.1951 -1240.8229
549.38696 -1240.4949
549.5687 -1240.1841
549.7505 -1239.8733
549.9423 -1239.5453
553.79694 -1232.2084
553.8604 -1231.854
553.906 -1231.497
553.9336 -1231.1381
553.9431 -1230.7782
553.936 -1230.4382
553.91034 -1230.0791
553.8667 -1229.7218
553.8095 -1229.3866
546.038 -1221.4141
545.7456 -1221.2041
545.4694 -1221.0057
545.19324 -1220.8074
544.91705 -1220.609
544.62463 -1220.399
544.34845 -1220.2007
544.07227 -1220.0023
543.7961 -1219.804
543.5108 -1219.619
528.23846 -1210.0236
528.0054 -1209.776
527.7723 -1209.5284
527.52545 -1209.2664
527.29236 -1209.0188
527.05927 -1208.7712
526.8262 -1208.5237
526.5931 -1208.2761
526.34625 -1208.014
526.11316 -1207.7665
503.6093 -1171.6333
503.4386 -1171.3627
503.2572 -1171.0751
503.0758 -1170.7875
502.88376 -1170.483
502.71304 -1170.2124
502.521 -1169.908
502.35028 -1169.6373
486.74673 -1161.5121
486.43167 -1161.3843
486.1166 -1161.2565
485.78302 -1161.1211
485.46796 -1160.9933
485.1529 -1160.8655
484.83783 -1160.7377
484.52277 -1160.6099
484.2077 -1160.482
469.95578 -1154.7003
469.64072 -1154.5725
469.32565 -1154.4447
469.0106 -1154.3169
468.69553 -1154.1891
468.38046 -1154.0613
468.0654 -1153.9335
467.75034 -1153.8057
467.43527 -1153.6779
467.10168 -1153.5425
455.24503 -1143.638
454.9889 -1143.4143
454.71768 -1143.1776
454.46155 -1142.954
454.19034 -1142.7173
453.94928 -1142.5068
453.67807 -1142.2701
453.40686 -1142.0334
442.16147 -1133.5925
441.8668 -1133.423
441.5721 -1133.2534
441.27744 -1133.0839
440.98276 -1132.9143
440.68808 -1132.7448
440.37607 -1132.5652
440.0814 -1132.3956
439.7867 -1132.2261
439.49203 -1132.0565
424.91824 -1125.8318
424.5597 -1125.7997
424.22104 -1125.7693
423.8824 -1125.7389
423.54373 -1125.7085
423.18518 -1125.6764
422.86646 -1125.6478
395.7964 -1121.0215
395.4564 -1121.0205
395.1164 -1121.0195
394.7764 -1121.0186
394.4564 -1121.0177
394.0964 -1121.0167
393.73642 -1121.0157
393.39642 -1121.0148
354.29932 -1128.5579
353.97275 -1128.6525
353.64618 -1128.7471
353.3196 -1128.8417
352.99304 -1128.9363
352.64728 -1129.0365
352.3207 -1129.1311
351.99414 -1129.2257
327.07556 -1145.48
326.79718 -1145.6752
326.5188 -1145.8704
326.22406 -1146.077
325.94568 -1146.2722
325.6673 -1146.4674
325.38892 -1146.6626
325.11053 -1146.8578
324.83215 -1147.053
324.5374 -1147.2596
311.70465 -1157.5328
311.4429 -1157.78
311.1957 -1158.0134
310.94852 -1158.2468
310.70132 -1158.4802
310.45413 -1158.7136
310.20694 -1158.947
309.9452 -1159.1942
309.698 -1159.4276
298.88763 -1170.8595
298.78284 -1171.1619
298.66492 -1171.502
298.55356 -1171.8232
298.43564 -1172.1633
298.32428 -1172.4846
298.21292 -1172.8059
293.10992 -1187.527
292.99857 -1187.8483
292.8872 -1188.1696
292.77585 -1188.4908
292.6645 -1188.8121
292.54657 -1189.1522
