1075.0422 -1198.8329
1088.2421 -1180.1626
1088.3668 -1179.8463
1088.4916 -1179.53
1088.6163 -1179.2137
1088.7338 -1178.916
1088.8585 -1178.5997
1088.976 -1178.302
1089.1007 -1177.9857
1094.3049 -1154.8622
1094.3215 -1154.5226
1094.3372 -1154.203
1094.3547 -1153.8434
1094.3704 -1153.5238
1094.386 -1153.2042
1094.4026 -1152.8646
1094.4192 -1152.525
1090.9034 -1129.7252
1090.7665 -1129.4141
1090.6215 -1129.0846
1090.5006 -1128.81
1090.3636 -1128.4989
1090.2267 -1128.1877
1090.0978 -1127.8949
1089.9608 -1127.5837
1077.6017 -1096.8002
1077.4463 -1096.5204
1077.2812 -1096.2231
1077.1162 -1095.9259
1076.9608 -1095.6461
1076.7958 -1095.3489
1076.6307 -1095.0516
1076.4753 -1094.7719
1076.3103 -1094.4746
1066.4363 -1068.5391
1066.2712 -1068.2418
1066.1158 -1067.962
1065.9508 -1067.6648
1065.7858 -1067.3676
1065.6304 -1067.0878
1065.4653 -1066.7905
1065.3003 -1066.4933
1058.516 -1025.612
1058.487 -1025.2733
1058.4581 -1024.9346
1058.4309 -1024.6157
1058.402 -1024.277
1058.373 -1023.93823
1058.3458 -1023.6194
1058.3169 -1023.28064