727.6025 -989.5449
742.4864 -978.56445
743.03986 -978.1694
743.5395 -977.7381
744.0694 -977.2807
758.2465 -966.0353
758.73065 -965.5297
759.201 -965.0386
759.6713 -964.5474
779.65564 -952.1105
780.26135 -951.75964
780.8152 -951.43884
781.4036 -951.098
781.99207 -950.7572
798.7667 -942.34467
799.44617 -942.1763
800.0868 -942.0175
800.76624 -941.8491
833.4709 -927.7442
834.1072 -927.45233
834.7071 -927.1772
835.3252 -926.8937
856.6017 -919.0921
857.2016 -918.81696
857.8197 -918.53345
858.4196 -918.2583
859.0377 -917.9748
875.3602 -914.3986
876.05255 -914.2954
876.7053 -914.19806
877.37787 -914.0978
904.0596 -912.919
904.71124 -912.8144
905.3826 -912.7066
906.0343 -912.602
927.46875 -913.35864
928.1436 -913.44196
928.8185 -913.52527
946.2063 -915.672
946.88116 -915.7553
947.556 -915.8386
948.2309 -915.92194
948.8859 -916.0028
949.5806 -916.0886
965.03735 -920.26685
965.69916 -920.5505
966.26904 -920.79474
966.89404 -921.0626
981.19556 -927.19244
981.8389 -927.4682
982.4272 -927.72034
983.0338 -927.98035
983.6588 -928.2482
1002.26117 -938.74347
1002.7282 -939.20984
1003.20935 -939.6903
1003.6905 -940.1708
