1072.6324 -1025.8086
1072.972 -1025.8257
1073.3116 -1025.8428
1073.6312 -1025.8589
1073.9708 -1025.876
1074.3104 -1025.8931
1074.63 -1025.9092
1081.4775 -1035.325
1081.7484 -1035.4952
1082.0363 -1035.6763
1082.3241 -1035.8573
1082.595 -1036.0276
1082.8828 -1036.2086
1100.4651 -1062.6812
1100.6416 -1062.9717
1100.8077 -1063.2451
1100.9843 -1063.5356
1101.1608 -1063.8262
1101.3269 -1064.0996
1101.5034 -1064.3901
1101.6799 -1064.6807
1107.2142 -1073.7896
1107.3907 -1074.0801
1107.5569 -1074.3535
1107.7334 -1074.644
1107.9099 -1074.9346
1108.076 -1075.208
1108.2526 -1075.4985
1108.4291 -1075.7891
1117.9055 -1094.404
1118.0813 -1094.6951
1118.2467 -1094.969
1118.4225 -1095.26
1118.5879 -1095.5339
1118.7637 -1095.825
1118.9395 -1096.116
1126.8575 -1116.0154
1127.0333 -1116.3064
1127.1987 -1116.5803
1127.3745 -1116.8713
1127.5503 -1117.1624
1127.7157 -1117.4363
1144.7605 -1150.7069
1144.844 -1151.0159
1144.9327 -1151.3441
1145.0215 -1151.6724
1145.105 -1151.9813
1145.1937 -1152.3096
1145.2825 -1152.6378
1150.9354 -1173.5496
1151.0242 -1173.8778
1151.1077 -1174.1868
1151.1964 -1174.515
1151.2852 -1174.8433
1151.3687 -1175.1522
1151.4574 -1175.4805
1151.5461 -1175.8087
1151.6296 -1176.1177
1153.5074 -1188.8699
1153.5022 -1189.2098
1153.497 -1189.5498
1153.4917 -1189.8898
1153.4868 -1190.2097
1153.4816 -1190.5497
1153.4767 -1190.8696
1149.3041 -1205.6602
1149.3438 -1205.9777
1149.3859 -1206.3151
1149.428 -1206.6525
1149.4677 -1206.97
1149.5098 -1207.3074
1157.6897 -1215.6935
1158.0068 -1215.6508
1158.3413 -1215.5894
1158.6725 -1215.5122
1158.9806 -1215.4258
1159.3032 -1215.3185
1171.5751 -1207.4874
1171.815 -1207.2465
1172.0548 -1207.0055
1172.2806 -1206.7787
1172.5205 -1206.5377
1172.7604 -1206.2968
1184.6157 -1192.8654
1184.7834 -1192.5928
1184.9615 -1192.3032
1185.1396 -1192.0137
1185.3074 -1191.7411
1185.4855 -1191.4515
1185.6636 -1191.162
1193.5225 -1178.3867
1193.7006 -1178.0972
1193.8683 -1177.8246
1194.0464 -1177.535
1194.2141 -1177.2625
1194.3922 -1176.9729
1194.5703 -1176.6833
1194.738 -1176.4108
1200.3059 -1163.778
1200.3668 -1163.4435
1200.4277 -1163.109
1200.4851 -1162.7942
1200.546 -1162.4597
1200.6069 -1162.1252
1200.6643 -1161.8104
1201.5729 -1147.6825
1201.5082 -1147.3488
1201.4474 -1147.0345
1201.3827 -1146.7008
1201.318 -1146.3671
1201.2572 -1146.0529
1201.1925 -1145.7191
1201.1278 -1145.3854
1196.5946 -1132.5833
1196.4541 -1132.2736
1196.3219 -1131.9822
1196.1814 -1131.6725
1196.0409 -1131.3628
1195.9087 -1131.0714
1195.7682 -1130.7617
