648.4219 -1245.7571
647.8602 -1246.1036
647.2503 -1246.4043
646.634 -1246.6404
645.959 -1246.8258
645.30914 -1246.9413
633.21075 -1246.2614
632.5609 -1246.0612
631.9302 -1245.8668
631.26117 -1245.6608
610.20734 -1241.3749
609.5314 -1241.3009
608.8554 -1241.2269
608.19934 -1241.1552
597.06244 -1236.6523
596.412 -1236.454
595.74567 -1236.3181
578.57806 -1232.8184
577.91174 -1232.6825
577.2454 -1232.5466
576.5203 -1232.3988
575.8736 -1232.267
575.2073 -1232.1311
562.30133 -1226.4288
561.71686 -1226.1222
561.1147 -1225.8063
560.5125 -1225.4904
547.6871 -1213.879
547.22894 -1213.3497
546.797 -1212.8507
546.36505 -1212.3517
545.92 -1211.8375
526.45514 -1189.3507
526.0101 -1188.8365
525.565 -1188.3224
525.11993 -1187.8082
524.67487 -1187.2941
524.2429 -1186.795
510.55103 -1170.9772
510.106 -1170.463
509.66095 -1169.9489
509.2159 -1169.4347
497.55792 -1163.4152
496.92664 -1163.2227
496.2762 -1163.0243
495.6258 -1162.8259
486.8475 -1168.3291
486.74518 -1168.9608
486.64285 -1169.5925
486.53412 -1170.2638
482.8597 -1192.9484
482.75098 -1193.6196
482.64224 -1194.2909
482.5335 -1194.9622
482.42798 -1195.6136
475.76044 -1205.3109
475.12817 -1205.5613
474.49475 -1205.7467
473.82697 -1205.875
457.87067 -1199.4138
457.33307 -1198.9974
456.79547 -1198.581
456.27368 -1198.1769
448.84045 -1181.9646
448.79587 -1181.286
448.75128 -1180.6074
448.7067 -1179.9288
446.8459 -1151.6089
446.8013 -1150.9303
446.7567 -1150.2517
446.71344 -1149.5931
443.3415 -1132.5444
443.103 -1131.8864
442.8713 -1131.2471
442.64645 -1130.6266
433.20575 -1110.8385
432.75357 -1110.3306
432.3147 -1109.8376
431.86252 -1109.3297
431.41034 -1108.8218
