597.92975 -1124.2545
587.52563 -1097.4935
587.0853 -1095.7275
579.8796 -1077.6017
579.45874 -1075.8516
575.2319 -1058.2727
574.8251 -1056.5809
567.8531 -1036.6814
566.66205 -1035.3586
556.93164 -1007.9326
555.8997 -990.36896
555.9718 -988.5904
554.3629 -972.66
553.98553 -970.9204
552.8195 -947.2669
553.37836 -945.5138
555.5498 -931.4441
555.65784 -929.64734
548.1684 -907.6184
547.34326 -905.9962
554.70624 -875.4571
555.6294 -873.8886
567.65204 -856.2574
577.8832 -831.4696
592.9171 -815.68256
594.2412 -814.2922
605.55115 -802.4157
617.9231 -789.424
619.1782 -788.106
630.32263 -776.4034
631.5364 -775.12885
642.8187 -763.2815
644.06006 -761.97797
654.8483 -752.639
666.32355 -747.2055
668.0644 -746.6746
686.5241 -735.86725
696.5391 -725.4093
697.74255 -724.1526
706.7553 -715.3884
708.5138 -714.8468
721.1561 -706.66797
741.3167 -699.1177
754.1132 -696.00555
764.8515 -692.5169
781.8451 -690.8028
798.5004 -689.12274
800.51025 -688.92
817.94183 -687.1615
819.97156 -686.9568
841.1043 -684.8251
843.0345 -684.6304
