507.56204 -1036.2355
507.7235 -1036.8754
518.4412 -1057.0648
518.7946 -1057.6691
519.1278 -1058.2388
519.461 -1058.8085
519.80426 -1059.3955
520.1475 -1059.9825
534.2677 -1080.3619
534.7766 -1080.8425
535.24194 -1081.282
535.7363 -1081.7489
554.0342 -1106.4385
554.4821 -1106.9501
554.93005 -1107.4617
555.378 -1107.9733
580.3431 -1136.4886
585.7048 -1147.1761
586.1381 -1147.674
586.5846 -1148.1869
587.03107 -1148.6998
587.4644 -1149.1976
599.4055 -1164.5764
599.9131 -1165.0585
600.39166 -1165.513
600.88477 -1165.9812
601.36334 -1166.4357
615.5198 -1185.09
616.5473 -1186.2637
631.7312 -1210.7222
632.066 -1211.291
632.421 -1211.8943
632.7558 -1212.4631
633.0906 -1213.032
646.3698 -1235.5955
646.7046 -1236.1643
647.0495 -1236.7504
647.3944 -1237.3364
647.7393 -1237.9225
648.0741 -1238.4913
648.419 -1239.0774
