543.4084 -800.172
543.9244 -799.7291
544.44037 -799.28625
544.94116 -798.8564
545.45715 -798.4135
545.97314 -797.97064
553.65894 -788.6787
554.03284 -788.1108
554.40674 -787.54285
554.78064 -786.9749
555.15454 -786.407
555.52844 -785.83905
563.69934 -773.42786
564.07324 -772.8599
564.43616 -772.30865
564.81006 -771.7407
573.7288 -758.1936
574.09174 -757.64233
574.45465 -757.09106
574.82855 -756.52313
575.20245 -755.9552
585.5523 -743.5516
586.0253 -743.0631
586.49835 -742.57465
586.95746 -742.1005
600.16034 -728.46625
600.63336 -727.9778
601.09247 -727.50366
601.5655 -727.0152
602.0385 -726.52673
602.21484 -716.2476
601.7127 -715.7891
601.18646 -715.3908
600.6078 -715.0337
583.0741 -718.03296
582.42255 -718.22766
581.771 -718.42236
581.11945 -718.61707
567.8265 -726.5153
567.2549 -726.88367
566.70013 -727.2412
551.28687 -743.21783
550.8273 -743.7458
550.3939 -744.2436
549.94745 -744.7565
537.11786 -759.49426
536.6714 -760.00714
536.2249 -760.52
535.79156 -761.0178
535.3451 -761.5307
511.39307 -789.0452
510.9466 -789.5581
510.55075 -790.111
510.16656 -790.64764
492.91272 -814.74774
492.51688 -815.30066
492.12103 -815.8536
491.73685 -816.3902
491.341 -816.9431
474.0289 -841.12463
473.6447 -841.66125
473.24887 -842.2142
472.85303 -842.7671
472.46884 -843.3037
472.073 -843.8566
459.4644 -868.8946
459.23807 -869.5358
459.01175 -870.17706
458.78543 -870.8183
458.5591 -871.45953
448.88065 -898.8818
448.65433 -899.523
448.428 -900.16425
448.20834 -900.7866
447.98203 -901.42786
438.99582 -926.8887
438.7695 -927.5299
438.54984 -928.1523
438.32352 -928.7935
438.0972 -929.43475
433.5758 -953.7959
433.60068 -954.45544
433.6263 -955.13495
433.6527 -955.8345
433.67682 -956.474
430.37433 -985.0665
430.3373 -985.74554
430.3003 -986.42456
430.26437 -987.08356
429.9167 -1015.358
430.00662 -1016.032
430.0939 -1016.68616
430.18384 -1017.36017
430.27377 -1018.0342
432.09494 -1043.4749
432.24387 -1044.1178
432.3973 -1044.7803
432.55075 -1045.4427
432.69968 -1046.0857
432.5192 -1067.426
432.60538 -1068.1006
432.69156 -1068.7751
432.7752 -1069.4298
432.86392 -1070.1241
432.94757 -1070.7788
