737.7314 -905.9736
737.9386 -906.2921
738.12396 -906.57715
738.3312 -906.8957
738.52747 -907.19745
738.72375 -907.4992
738.92004 -907.80096
739.11633 -908.1027
755.09784 -920.4105
755.43066 -920.5477
755.7635 -920.68494
756.1148 -920.8298
756.42914 -920.95935
756.76196 -921.09656
757.0948 -921.23376
757.4276 -921.371
757.76044 -921.5082
782.36755 -930.3128
782.7273 -930.3269
783.08704 -930.341
783.4468 -930.3551
783.8065 -930.3692
784.14624 -930.3825
784.506 -930.3966
784.8657 -930.4107
823.01215 -927.688
823.34906 -927.5611
823.66724 -927.4412
824.00415 -927.31433
824.3223 -927.19446
824.65924 -927.06757
824.9774 -926.9477
825.31433 -926.8208
825.6325 -926.7009
841.13 -920.86316
841.4669 -920.73627
841.7851 -920.6164
842.122 -920.4895
842.4589 -920.3626
842.7771 -920.24274
843.0953 -920.12286
843.4322 -919.996
843.75037 -919.8761
862.8603 -912.6777
863.17847 -912.5578
863.49664 -912.4379
863.83356 -912.31104
864.1705 -912.18414
864.48865 -912.0643
864.82556 -911.9374
865.1625 -911.8105
865.48065 -911.6906
877.53613 -909.70465
877.87537 -909.6819
878.2146 -909.6591
878.5738 -909.635
878.913 -909.61224
879.2722 -909.58813
879.61145 -909.56537
879.97064 -909.54126
880.3498 -909.5158
903.5935 -908.89984
903.9333 -908.91125
904.2931 -908.92334
904.6529 -908.9354
905.0127 -908.9475
905.3525 -908.9589
905.7123 -908.971
906.05206 -908.9824
906.41187 -908.9945
906.77167 -909.0066
907.1315 -909.0187
941.053 -913.6302
941.4136 -913.7501
941.7362 -913.8574
942.05884 -913.9647
942.40045 -914.07837
942.74207 -914.192
943.10266 -914.31195
943.4253 -914.41925
943.7669 -914.5329
969.08594 -921.1617
969.40344 -921.2833
969.7396 -921.4121
970.0758 -921.5409
970.3933 -921.66254
970.7295 -921.7913
971.0657 -921.9201
971.40186 -922.0489
971.71936 -922.17053
972.05554 -922.2993
994.0136 -928.9481
994.37115 -928.99023
994.7088 -929.03
995.06635 -929.07214
995.404 -929.11194
995.76154 -929.15405
996.1191 -929.19617
996.4766 -929.2383
996.83417 -929.2804
1020.52625 -935.6321
1020.8563 -935.77576
1021.2048 -935.9274
1021.51654 -936.0631
1021.8466 -936.2068
1022.1584 -936.34247
1022.48846 -936.48615
1022.8369 -936.6378
1023.1487 -936.7735
1046.2546 -946.8306
1046.5847 -946.9743
1046.9148 -947.118
1047.2449 -947.26166
1047.575 -947.40533
1047.8867 -947.541
1048.2168 -947.6847
1048.5469 -947.82837
1048.877 -947.97205
1049.1887 -948.1077
1081.3723 -962.1157
1081.7024 -962.2594
1082.0325 -962.4031
1082.3625 -962.54675
1082.6926 -962.6904
1083.0227 -962.8341
1083.3528 -962.9778
1083.6646 -963.11346
1083.9946 -963.25714
1108.9088 -978.0782
1109.2322 -978.2778
1109.5215 -978.45636
1109.8279 -978.64545
1110.1343 -978.83453
1110.4236 -979.0131
1110.747 -979.2127
1111.0363 -979.3913
1111.3427 -979.5804
1111.632 -979.759
1125.1418 -991.5796
1125.382 -991.8478
1125.6088 -992.1011
1125.8489 -992.36926
1126.089 -992.63745
1126.3291 -992.90564
1126.5692 -993.1738
1126.8093 -993.442
1127.0361 -993.6953
1127.2762 -993.9635
1139.4485 -1018.5202
1139.5907 -1018.82904
1139.7412 -1019.15607
1139.8917 -1019.4831
1140.0507 -1019.82825
1140.1929 -1020.1371
1140.3434 -1020.4641
1140.4939 -1020.79114
1140.6361 -1021.1
1140.7866 -1021.427
1149.182 -1042.856
1149.3638 -1043.1667
1149.5455 -1043.4775
1149.7273 -1043.7883
1149.909 -1044.0991
1150.0908 -1044.4099
1150.2726 -1044.7207
1150.4543 -1045.0315
1150.626 -1045.325
1157.2946 -1068.8925
1157.3813 -1069.2625
1157.459 -1069.5935
1157.5411 -1069.944
1157.6188 -1070.275
1157.7056 -1070.645
1157.7832 -1070.9761
1157.87 -1071.3461
1157.9476 -1071.6771
1158.0474 -1072.0231
1169.1567 -1091.2528
1169.3394 -1091.5631
1169.522 -1091.8734
1169.6945 -1092.1664
1169.8771 -1092.4767
1170.0597 -1092.787
1170.2423 -1093.0973
1170.4249 -1093.4076
