1073.9164 -912.4971
1074.2437 -912.64716
1074.5709 -912.79724
1074.8982 -912.9473
1075.2255 -913.0974
1075.5527 -913.2475
1075.88 -913.3976
1076.1992 -913.5639
1076.5098 -913.7461
1076.8107 -913.94366
1083.4686 -925.83014
1083.622 -926.1559
1083.7753 -926.4816
1083.9286 -926.8074
1084.0903 -927.1512
1084.2437 -927.4769
1084.397 -927.8027
1084.5503 -928.1284
1084.7036 -928.45416
1095.2634 -943.03986
1095.4952 -943.3153
1095.7129 -943.60205
1095.9054 -943.8823
1096.094 -944.18896
1096.2756 -944.5227
1096.4316 -944.84717
1096.5712 -945.179
1109.968 -966.06036
1110.1743 -966.3306
1110.3928 -966.61676
1110.6113 -966.9029
1110.8298 -967.189
1111.0483 -967.47516
1111.2668 -967.7613
1111.4811 -968.07513
1111.6688 -968.38226
1120.5098 -984.5193
1120.6827 -984.835
1120.8557 -985.15076
1121.0287 -985.4665
1121.2113 -985.79974
1121.3843 -986.1155
1121.5573 -986.4312
1121.7302 -986.74695
1121.9128 -987.0802
1131.292 -1004.1995
1131.4843 -1004.5503
1131.6476 -1004.84845
1131.8109 -1005.1466
1131.9839 -1005.46234
1132.1569 -1005.7781
1132.3298 -1006.0938
1132.5125 -1006.42706
1132.6758 -1006.7252
1142.968 -1025.5107
1143.141 -1025.8264
1143.2948 -1026.107
1143.4678 -1026.4227
1143.6504 -1026.756
1143.8137 -1027.0542
1143.9867 -1027.3699
1144.1597 -1027.6855
1144.3423 -1028.0188
1152.5203 -1042.9437
1152.6932 -1043.2594
1152.8662 -1043.5751
1153.0392 -1043.8907
1153.2122 -1044.2064
1153.3851 -1044.5221
1153.5581 -1044.8378
1153.7311 -1045.1534
1153.9137 -1045.4867
1162.01 -1059.5814
1162.1881 -1059.871
1162.3662 -1060.1605
1162.5339 -1060.4331
1162.7225 -1060.7397
1162.9111 -1061.0464
1163.1102 -1061.37
1178.6301 -1080.8741
1178.7958 -1081.2162
1178.944 -1081.5222
1179.0922 -1081.8282
1179.2578 -1082.1703
1179.4147 -1082.4943
1179.5715 -1082.8182
1193.1781 -1098.5967
1193.4392 -1098.8446
1193.7003 -1099.0925
1193.9614 -1099.3405
1194.2225 -1099.5884
1194.498 -1099.8501
1194.7592 -1100.098
1195.0347 -1100.3597
1210.8759 -1123.966
1211.1241 -1124.2267
1211.3724 -1124.4874
1211.6207 -1124.7482
1211.869 -1125.0089
1212.1173 -1125.2697
1212.3656 -1125.5304
1212.6139 -1125.7911
1222.8536 -1139.5818
1222.9781 -1139.9196
1223.1027 -1140.2573
1223.2272 -1140.5951
1223.3517 -1140.9329
1223.4832 -1141.2894
1223.6077 -1141.6272
1223.7322 -1141.965
1223.8567 -1142.3027
1229.0304 -1160.2046
1229.0099 -1160.6241
1228.9913 -1161.0037
1228.9757 -1161.3232
1228.9562 -1161.7228
1228.9396 -1162.0624
1228.922 -1162.422
1228.9044 -1162.7816
1223.1682 -1183.5197
1223.0437 -1183.8574
1222.9192 -1184.1952
1222.7947 -1184.533
1222.6632 -1184.8895
1222.5455 -1185.2085
1222.4141 -1185.5651
1222.2896 -1185.9028
1212.7903 -1207.7512
1212.5448 -1208.0413
1212.3123 -1208.316
1212.0797 -1208.5908
1211.8601 -1208.8503
1211.6276 -1209.1251
1211.395 -1209.3999
1211.1625 -1209.6747
1210.917 -1209.9647
1210.6844 -1210.2395
1194.1161 -1232.2976
1193.9238 -1232.6484
1193.7509 -1232.9641
1193.5875 -1233.2623
1193.4242 -1233.5605
1193.2512 -1233.8762
1193.0782 -1234.1919
1192.9053 -1234.5076
1192.7323 -1234.8232
1174.1971 -1260.3994
1174.0094 -1260.7065
1173.8217 -1261.0137
1173.6234 -1261.3379
1173.446 -1261.6279
1173.2374 -1261.9692
1173.0706 -1262.2423
1172.8828 -1262.5494
1172.7054 -1262.8395
1172.5177 -1263.1466
1172.33 -1263.4537
1157.3212 -1277.6957
1157.0507 -1277.9332
1156.7802 -1278.1708
1156.5247 -1278.3951
1156.2542 -1278.6327
1155.9836 -1278.8702
1155.7281 -1279.0946
1155.4426 -1279.3453
1155.1721 -1279.5829
1141.5603 -1287.2572
1141.2318 -1287.4045
1140.9216 -1287.5437
1140.5931 -1287.691
1140.283 -1287.8302
1139.9545 -1287.9775
1116.268 -1298.6024
1115.9395 -1298.7498
1115.611 -1298.8971
1115.2825 -1299.0444
1114.954 -1299.1918
1114.6438 -1299.3309
1114.3153 -1299.4783
1114.0051 -1299.6174
1113.6766 -1299.7648
1113.3481 -1299.9121
1113.0197 -1300.0594
1096.5717 -1309.1611
1096.2896 -1309.3848
1096.0074 -1309.6084
1095.741 -1309.8196
1095.4589 -1310.0432
1095.1768 -1310.2668
1064.8016 -1334.344
1064.5195 -1334.5676
1064.253 -1334.7788
1063.971 -1335.0024
1063.6888 -1335.2261
1063.4067 -1335.4497
1063.1246 -1335.6733
1062.8582 -1335.8845
1038.8206 -1349.9232
1038.4921 -1350.0706
1038.1636 -1350.2179
1037.8534 -1350.357
1037.5249 -1350.5044
1037.2147 -1350.6436
1036.8862 -1350.7909
1036.5577 -1350.9382
1036.2476 -1351.0774
1035.9191 -1351.2247
1035.5906 -1351.3721
1035.2621 -1351.5194
1010.0053 -1362.8483
1009.6768 -1362.9956
1009.3666 -1363.1348
1009.0381 -1363.2821
1008.72784 -1363.4213
1008.39935 -1363.5686
1008.07086 -1363.716
1007.7606 -1363.8551
1007.4321 -1364.0024
1007.10364 -1364.1498
1006.7934 -1364.289
1006.4649 -1364.4363
979.2914 -1376.6246
978.98114 -1376.7638
978.6709 -1376.903
978.3424 -1377.0503
978.0139 -1377.1976
977.6854 -1377.345
977.3752 -1377.4841
977.0467 -1377.6315
976.7182 -1377.7788
976.3897 -1377.9261
976.07947 -1378.0653
952.10504 -1381.0355
951.76514 -1381.028
951.4052 -1381.0199
951.0453 -1381.0118
950.7054 -1381.0043
950.34546 -1380.9962
950.00555 -1380.9886
949.66565 -1380.9811
931.8601 -1382.0714
931.5253 -1382.131
931.1709 -1382.194
930.8361 -1382.2535
930.4817 -1382.3165
930.1469 -1382.3761
929.7925 -1382.4391
899.6248 -1387.8036
899.2704 -1387.8666
898.9356 -1387.9261
898.5812 -1387.9891
898.22675 -1388.0521
897.89197 -1388.1117
897.53754 -1388.1747
897.1831 -1388.2377
896.8483 -1388.2972
896.4742 -1388.3638
874.11865 -1388.7899
873.7715 -1388.6946
873.4436 -1388.6045
873.09644 -1388.5092
872.74927 -1388.4138
872.4214 -1388.3237
872.0742 -1388.2284
871.74634 -1388.1383
871.3992 -1388.043
871.0906 -1387.9583
870.7434 -1387.8629
831.16626 -1376.9923
830.8191 -1376.897
830.4912 -1376.8069
830.14404 -1376.7115
829.81616 -1376.6215
829.50757 -1376.5367
829.1411 -1376.436
828.79395 -1376.3407
828.46606 -1376.2506
828.1189 -1376.1553
827.7717 -1376.0599
827.44385 -1375.9698
827.0967 -1375.8745
826.7495 -1375.7792
775.29065 -1346.6323
774.94904 -1346.5187
774.6074 -1346.405
774.2848 -1346.2977
773.9432 -1346.1841
773.62054 -1346.0768
773.27893 -1345.9631
772.9563 -1345.8558
772.5957 -1345.7358
772.2731 -1345.6285
771.93146 -1345.5149
771.6088 -1345.4076
771.2734 -1345.277
770.96277 -1345.1387
770.64166 -1344.976
746.5989 -1319.9773
746.35205 -1319.7152
746.1052 -1319.4531
745.87213 -1319.2056
745.63904 -1318.958
745.3922 -1318.6959
745.1454 -1318.4338
744.9123 -1318.1863
744.66547 -1317.9242
744.4324 -1317.6766
744.18555 -1317.4146
715.78784 -1287.2592
715.541 -1286.9971
715.3079 -1286.7495
715.0611 -1286.4874
714.828 -1286.2399
714.5812 -1285.9778
714.33435 -1285.7157
714.0875 -1285.4536
713.8407 -1285.1915
685.5795 -1269.7396
685.2758 -1269.5868
684.9543 -1269.4249
684.63275 -1269.2631
684.32904 -1269.1102
684.0075 -1268.9484
683.686 -1268.7865
683.38226 -1268.6337
683.0607 -1268.4718
682.757 -1268.319
658.46155 -1257.573
658.10626 -1257.5149
657.751 -1257.4568
657.4154 -1257.402
657.0996 -1257.3503
656.7246 -1257.2891
656.4088 -1257.2374
656.0535 -1257.1793
612.4774 -1245.3243
612.13745 -1245.3206
611.77747 -1245.3165
611.4175 -1245.3125
611.0775 -1245.3087
610.73755 -1245.3049
610.35754 -1245.3007
610.0176 -1245.2969
609.6576 -1245.2928
581.2745 -1234.4469
580.9189 -1234.3909
580.583 -1234.3379
580.24713 -1234.2849
579.91125 -1234.2319
579.5359 -1234.1727
579.2 -1234.1198
578.8444 -1234.0637
578.50854 -1234.0107
561.0143 -1228.1068
560.7018 -1227.9729
560.3893 -1227.839
560.0584 -1227.6971
559.7459 -1227.5632
559.41504 -1227.4214
559.08417 -1227.2795
558.77167 -1227.1456
558.45917 -1227.0117
542.89124 -1215.1167
542.6526 -1214.8472
542.41394 -1214.5776
542.18854 -1214.3231
541.9499 -1214.0536
541.7245 -1213.7991
541.48584 -1213.5295
505.22437 -1172.5781
504.98572 -1172.3086
504.74707 -1172.0391
504.5217 -1171.7845
504.28305 -1171.515
504.05768 -1171.2605
503.8323 -1171.006
503.59366 -1170.7365
503.355 -1170.4669
503.12964 -1170.2124
502.891 -1169.9429
491.24246 -1162.2596
490.89233 -1162.3433
490.56577 -1162.4379
490.24405 -1162.5479
489.9097 -1162.6813
489.60025 -1162.8221
489.28052 -1162.9875
488.9863 -1163.158
488.68423 -1163.3539
488.40805 -1163.5522
489.9951 -1171.429
490.20758 -1171.744
490.4089 -1172.0425
490.6214 -1172.3575
490.82272 -1172.656
491.03522 -1172.9711
491.2477 -1173.2861
491.44904 -1173.5846
491.66153 -1173.8997
485.1649 -1196.8926
484.93082 -1197.1661
484.69675 -1197.4397
484.46268 -1197.7133
484.2416 -1197.9716
484.00754 -1198.2451
483.78647 -1198.5034
483.5524 -1198.777
483.33133 -1199.0353
483.09726 -1199.3088
472.16336 -1206.0161
471.7972 -1205.9144
471.493 -1205.8151
471.17517 -1205.6943
470.8276 -1205.5408
470.5235 -1205.3888
470.22693 -1205.2225
469.92215 -1205.0309
462.928 -1190.5283
462.63052 -1190.3636
462.32556 -1190.2134
462.0206 -1190.0631
461.6977 -1189.9039
461.39273 -1189.7537
461.06982 -1189.5945
460.7828 -1189.453
460.4599 -1189.2938
448.3826 -1171.7058
448.2339 -1171.3779
448.08517 -1171.05
447.9447 -1170.7405
447.796 -1170.4126
447.65552 -1170.103
447.51505 -1169.7935
447.35806 -1169.4474
447.20935 -1169.1195
447.06888 -1168.8099
446.92017 -1168.482
446.78796 -1168.1907
435.57596 -1143.4753
435.42725 -1143.1475
435.27853 -1142.8196
435.12982 -1142.4917
434.98935 -1142.1821
434.84064 -1141.8542
434.69193 -1141.5264
434.55145 -1141.2168
434.41098 -1140.9072
434.27878 -1140.6158
434.1218 -1140.2698
433.97308 -1139.9419
433.8326 -1139.6323
422.41092 -1121.9689
422.14917 -1121.7217
421.90198 -1121.4883
421.6548 -1121.2549
421.39304 -1121.0077
421.1313 -1120.7605
420.8841 -1120.5271
420.62234 -1120.2799
420.3606 -1120.0327
420.12793 -1119.813
402.78757 -1112.5585
402.4499 -1112.5983
402.09238 -1112.6404
401.69513 -1112.6871
401.37732 -1112.7246
401.03964 -1112.7644
400.70197 -1112.8042
400.3643 -1112.844
400.0266 -1112.8838
399.6691 -1112.9259
377.91702 -1115.5901
377.59323 -1115.6938
377.25635 -1115.8208
362.9693 -1124.5719
362.66348 -1124.7618
362.37463 -1124.9412
362.0858 -1125.1205
361.77997 -1125.3104
361.49112 -1125.4897
361.20227 -1125.6691
360.87946 -1125.8695
360.5906 -1126.0488
360.2848 -1126.2388
359.894 -1126.4814
339.38763 -1139.0925
339.05038 -1139.2185
338.7459 -1139.317
338.39825 -1139.4104
338.06607 -1139.4829
337.71094 -1139.542
337.3533 -1139.5831
323.38348 -1145.5463
323.11353 -1145.7529
322.8277 -1145.9718
322.55774 -1146.1785
322.28778 -1146.3851
322.00195 -1146.604
321.732 -1146.8107
321.46204 -1147.0173
321.19208 -1147.224
320.90625 -1147.4429
320.6363 -1147.6495
320.36633 -1147.8562
310.45078 -1158.9297
310.2808 -1159.2241
310.0908 -1159.5532
309.9208 -1159.8477
309.75082 -1160.1421
309.58084 -1160.4365
309.40085 -1160.7483
309.22086 -1161.06
299.56232 -1171.2917
299.27832 -1171.513
299.02032 -1171.7344
298.75928 -1171.9823
298.5241 -1172.2279
298.2885 -1172.5001
298.07843 -1172.7675
297.8813 -1173.0444
